structure S:V{
Distance={
 0,0,0; 0,1,97; 0,2,205; 0,3,139; 0,4,86; 0,5,60; 0,6,220; 0,7,65; 0,8,111; 0,9,115; 0,10,227; 0,11,95; 0,12,82; 0,13,225; 0,14,168; 0,15,103; 0,16,266; 0,17,205; 0,18,149; 0,19,120; 0,20,58; 0,21,257; 0,22,152; 0,23,52; 0,24,180; 0,25,136; 0,26,82; 0,27,34; 0,28,145;
 1,0,97; 1,1,0; 1,2,129; 1,3,103; 1,4,71; 1,5,105; 1,6,258; 1,7,154; 1,8,112; 1,9,65; 1,10,204; 1,11,150; 1,12,87; 1,13,176; 1,14,137; 1,15,142; 1,16,204; 1,17,148; 1,18,148; 1,19,49; 1,20,41; 1,21,211; 1,22,226; 1,23,116; 1,24,197; 1,25,89; 1,26,153; 1,27,124; 1,28,74;
 2,0,205; 2,1,129; 2,2,0; 2,3,219; 2,4,125; 2,5,175; 2,6,386; 2,7,269; 2,8,134; 2,9,184; 2,10,313; 2,11,201; 2,12,215; 2,13,267; 2,14,248; 2,15,271; 2,16,274; 2,17,236; 2,18,272; 2,19,160; 2,20,151; 2,21,300; 2,22,350; 2,23,239; 2,24,322; 2,25,78; 2,26,276; 2,27,220; 2,28,60;
 3,0,139; 3,1,103; 3,2,219; 3,3,0; 3,4,167; 3,5,182; 3,6,180; 3,7,162; 3,8,208; 3,9,39; 3,10,102; 3,11,227; 3,12,60; 3,13,86; 3,14,34; 3,15,96; 3,16,129; 3,17,69; 3,18,58; 3,19,60; 3,20,120; 3,21,119; 3,22,192; 3,23,114; 3,24,110; 3,25,192; 3,26,136; 3,27,173; 3,28,173;
 4,0,86; 4,1,71; 4,2,125; 4,3,167; 4,4,0; 4,5,51; 4,6,296; 4,7,150; 4,8,42; 4,9,131; 4,10,268; 4,11,88; 4,12,131; 4,13,245; 4,14,201; 4,15,175; 4,16,275; 4,17,218; 4,18,202; 4,19,119; 4,20,50; 4,21,281; 4,22,238; 4,23,131; 4,24,244; 4,25,51; 4,26,166; 4,27,95; 4,28,69;
 5,0,60; 5,1,105; 5,2,175; 5,3,182; 5,4,51; 5,5,0; 5,6,279; 5,7,114; 5,8,56; 5,9,150; 5,10,278; 5,11,46; 5,12,133; 5,13,266; 5,14,214; 5,15,162; 5,16,302; 5,17,242; 5,18,203; 5,19,146; 5,20,67; 5,21,300; 5,22,205; 5,23,111; 5,24,238; 5,25,98; 5,26,139; 5,27,52; 5,28,120;
 6,0,220; 6,1,258; 6,2,386; 6,3,180; 6,4,296; 6,5,279; 6,6,0; 6,7,178; 6,8,328; 6,9,206; 6,10,147; 6,11,308; 6,12,172; 6,13,203; 6,14,165; 6,15,121; 6,16,251; 6,17,216; 6,18,122; 6,19,231; 6,20,249; 6,21,209; 6,22,111; 6,23,169; 6,24,72; 6,25,338; 6,26,144; 6,27,237; 6,28,331;
 7,0,65; 7,1,154; 7,2,269; 7,3,162; 7,4,150; 7,5,114; 7,6,178; 7,7,0; 7,8,169; 7,9,151; 7,10,227; 7,11,133; 7,12,104; 7,13,242; 7,14,182; 7,15,84; 7,16,290; 7,17,230; 7,18,146; 7,19,165; 7,20,121; 7,21,270; 7,22,91; 7,23,48; 7,24,158; 7,25,200; 7,26,39; 7,27,64; 7,28,210;
 8,0,111; 8,1,112; 8,2,134; 8,3,208; 8,4,42; 8,5,56; 8,6,328; 8,7,169; 8,8,0; 8,9,172; 8,10,309; 8,11,68; 8,12,169; 8,13,286; 8,14,242; 8,15,208; 8,16,315; 8,17,259; 8,18,240; 8,19,160; 8,20,90; 8,21,322; 8,22,260; 8,23,160; 8,24,281; 8,25,57; 8,26,192; 8,27,107; 8,28,90;
 9,0,115; 9,1,65; 9,2,184; 9,3,39; 9,4,131; 9,5,150; 9,6,206; 9,7,151; 9,8,172; 9,9,0; 9,10,140; 9,11,195; 9,12,51; 9,13,117; 9,14,72; 9,15,104; 9,16,153; 9,17,93; 9,18,88; 9,19,25; 9,20,85; 9,21,152; 9,22,200; 9,23,104; 9,24,139; 9,25,154; 9,26,134; 9,27,149; 9,28,135;
 10,0,227; 10,1,204; 10,2,313; 10,3,102; 10,4,268; 10,5,278; 10,6,147; 10,7,227; 10,8,309; 10,9,140; 10,10,0; 10,11,320; 10,12,146; 10,13,64; 10,14,68; 10,15,143; 10,16,106; 10,17,88; 10,18,81; 10,19,159; 10,20,219; 10,21,63; 10,22,216; 10,23,187; 10,24,88; 10,25,293; 10,26,191; 10,27,258; 10,28,272;
 11,0,95; 11,1,150; 11,2,201; 11,3,227; 11,4,88; 11,5,46; 11,6,308; 11,7,133; 11,8,68; 11,9,195; 11,10,320; 11,11,0; 11,12,174; 11,13,311; 11,14,258; 11,15,196; 11,16,347; 11,17,288; 11,18,243; 11,19,192; 11,20,113; 11,21,345; 11,22,222; 11,23,144; 11,24,274; 11,25,124; 11,26,165; 11,27,71; 11,28,153;
 12,0,82; 12,1,87; 12,2,215; 12,3,60; 12,4,131; 12,5,133; 12,6,172; 12,7,104; 12,8,169; 12,9,51; 12,10,146; 12,11,174; 12,12,0; 12,13,144; 12,14,86; 12,15,57; 12,16,189; 12,17,128; 12,18,71; 12,19,71; 12,20,82; 12,21,176; 12,22,150; 12,23,56; 12,24,114; 12,25,168; 12,26,83; 12,27,115; 12,28,160;
 13,0,225; 13,1,176; 13,2,267; 13,3,86; 13,4,245; 13,5,266; 13,6,203; 13,7,242; 13,8,286; 13,9,117; 13,10,64; 13,11,311; 13,12,144; 13,13,0; 13,14,61; 13,15,165; 13,16,51; 13,17,32; 13,18,105; 13,19,127; 13,20,201; 13,21,36; 13,22,254; 13,23,196; 13,24,136; 13,25,260; 13,26,212; 13,27,258; 13,28,234;
 14,0,168; 14,1,137; 14,2,248; 14,3,34; 14,4,201; 14,5,214; 14,6,165; 14,7,182; 14,8,242; 14,9,72; 14,10,68; 14,11,258; 14,12,86; 14,13,61; 14,14,0; 14,15,106; 14,16,110; 14,17,56; 14,18,49; 14,19,91; 14,20,153; 14,21,91; 14,22,197; 14,23,136; 14,24,94; 14,25,225; 14,26,151; 14,27,201; 14,28,205;
 15,0,103; 15,1,142; 15,2,271; 15,3,96; 15,4,175; 15,5,162; 15,6,121; 15,7,84; 15,8,208; 15,9,104; 15,10,143; 15,11,196; 15,12,57; 15,13,165; 15,14,106; 15,15,0; 15,16,215; 15,17,159; 15,18,64; 15,19,126; 15,20,128; 15,21,190; 15,22,98; 15,23,53; 15,24,78; 15,25,218; 15,26,48; 15,27,127; 15,28,214;
 16,0,266; 16,1,204; 16,2,274; 16,3,129; 16,4,275; 16,5,302; 16,6,251; 16,7,290; 16,8,315; 16,9,153; 16,10,106; 16,11,347; 16,12,189; 16,13,51; 16,14,110; 16,15,215; 16,16,0; 16,17,61; 16,18,155; 16,19,157; 16,20,235; 16,21,47; 16,22,305; 16,23,243; 16,24,186; 16,25,282; 16,26,261; 16,27,300; 16,28,252;
 17,0,205; 17,1,148; 17,2,236; 17,3,69; 17,4,218; 17,5,242; 17,6,216; 17,7,230; 17,8,259; 17,9,93; 17,10,88; 17,11,288; 17,12,128; 17,13,32; 17,14,56; 17,15,159; 17,16,61; 17,17,0; 17,18,105; 17,19,100; 17,20,176; 17,21,66; 17,22,253; 17,23,183; 17,24,146; 17,25,231; 17,26,203; 17,27,239; 17,28,204;
 18,0,149; 18,1,148; 18,2,272; 18,3,58; 18,4,202; 18,5,203; 18,6,122; 18,7,146; 18,8,240; 18,9,88; 18,10,81; 18,11,243; 18,12,71; 18,13,105; 18,14,49; 18,15,64; 18,16,155; 18,17,105; 18,18,0; 18,19,113; 18,20,152; 18,21,127; 18,22,150; 18,23,106; 18,24,52; 18,25,235; 18,26,112; 18,27,179; 18,28,221;
 19,0,120; 19,1,49; 19,2,160; 19,3,60; 19,4,119; 19,5,146; 19,6,231; 19,7,165; 19,8,160; 19,9,25; 19,10,159; 19,11,192; 19,12,71; 19,13,127; 19,14,91; 19,15,126; 19,16,157; 19,17,100; 19,18,113; 19,19,0; 19,20,79; 19,21,163; 19,22,220; 19,23,119; 19,24,164; 19,25,135; 19,26,152; 19,27,153; 19,28,114;
 20,0,58; 20,1,41; 20,2,151; 20,3,120; 20,4,50; 20,5,67; 20,6,249; 20,7,121; 20,8,90; 20,9,85; 20,10,219; 20,11,113; 20,12,82; 20,13,201; 20,14,153; 20,15,128; 20,16,235; 20,17,176; 20,18,152; 20,19,79; 20,20,0; 20,21,236; 20,22,201; 20,23,90; 20,24,195; 20,25,90; 20,26,127; 20,27,84; 20,28,91;
 21,0,257; 21,1,211; 21,2,300; 21,3,119; 21,4,281; 21,5,300; 21,6,209; 21,7,270; 21,8,322; 21,9,152; 21,10,63; 21,11,345; 21,12,176; 21,13,36; 21,14,91; 21,15,190; 21,16,47; 21,17,66; 21,18,127; 21,19,163; 21,20,236; 21,21,0; 21,22,273; 21,23,226; 21,24,148; 21,25,296; 21,26,238; 21,27,291; 21,28,269;
 22,0,152; 22,1,226; 22,2,350; 22,3,192; 22,4,238; 22,5,205; 22,6,111; 22,7,91; 22,8,260; 22,9,200; 22,10,216; 22,11,222; 22,12,150; 22,13,254; 22,14,197; 22,15,98; 22,16,305; 22,17,253; 22,18,150; 22,19,220; 22,20,201; 22,21,273; 22,22,0; 22,23,112; 22,24,130; 22,25,286; 22,26,74; 22,27,155; 22,28,291;
 23,0,52; 23,1,116; 23,2,239; 23,3,114; 23,4,131; 23,5,111; 23,6,169; 23,7,48; 23,8,160; 23,9,104; 23,10,187; 23,11,144; 23,12,56; 23,13,196; 23,14,136; 23,15,53; 23,16,243; 23,17,183; 23,18,106; 23,19,119; 23,20,90; 23,21,226; 23,22,112; 23,23,0; 23,24,130; 23,25,178; 23,26,38; 23,27,75; 23,28,180;
 24,0,180; 24,1,197; 24,2,322; 24,3,110; 24,4,244; 24,5,238; 24,6,72; 24,7,158; 24,8,281; 24,9,139; 24,10,88; 24,11,274; 24,12,114; 24,13,136; 24,14,94; 24,15,78; 24,16,186; 24,17,146; 24,18,52; 24,19,164; 24,20,195; 24,21,148; 24,22,130; 24,23,130; 24,24,0; 24,25,281; 24,26,120; 24,27,205; 24,28,270;
 25,0,136; 25,1,89; 25,2,78; 25,3,192; 25,4,51; 25,5,98; 25,6,338; 25,7,200; 25,8,57; 25,9,154; 25,10,293; 25,11,124; 25,12,168; 25,13,260; 25,14,225; 25,15,218; 25,16,282; 25,17,231; 25,18,235; 25,19,135; 25,20,90; 25,21,296; 25,22,286; 25,23,178; 25,24,281; 25,25,0; 25,26,213; 25,27,145; 25,28,36;
 26,0,82; 26,1,153; 26,2,276; 26,3,136; 26,4,166; 26,5,139; 26,6,144; 26,7,39; 26,8,192; 26,9,134; 26,10,191; 26,11,165; 26,12,83; 26,13,212; 26,14,151; 26,15,48; 26,16,261; 26,17,203; 26,18,112; 26,19,152; 26,20,127; 26,21,238; 26,22,74; 26,23,38; 26,24,120; 26,25,213; 26,26,0; 26,27,94; 26,28,217;
 27,0,34; 27,1,124; 27,2,220; 27,3,173; 27,4,95; 27,5,52; 27,6,237; 27,7,64; 27,8,107; 27,9,149; 27,10,258; 27,11,71; 27,12,115; 27,13,258; 27,14,201; 27,15,127; 27,16,300; 27,17,239; 27,18,179; 27,19,153; 27,20,84; 27,21,291; 27,22,155; 27,23,75; 27,24,205; 27,25,145; 27,26,94; 27,27,0; 27,28,162;
 28,0,145; 28,1,74; 28,2,60; 28,3,173; 28,4,69; 28,5,120; 28,6,331; 28,7,210; 28,8,90; 28,9,135; 28,10,272; 28,11,153; 28,12,160; 28,13,234; 28,14,205; 28,15,214; 28,16,252; 28,17,204; 28,18,221; 28,19,114; 28,20,91; 28,21,269; 28,22,291; 28,23,180; 28,24,270; 28,25,36; 28,26,217; 28,27,162; 28,28,0;
}
}