structure S:V{
Distance={
 0,0,1; 0,1,153; 0,2,510; 0,3,706; 0,4,966; 0,5,581; 0,6,455; 0,7,70; 0,8,160; 0,9,372; 0,10,157; 0,11,567; 0,12,342; 0,13,398;
 1,0,153; 1,1,1; 1,2,422; 1,3,664; 1,4,997; 1,5,598; 1,6,507; 1,7,197; 1,8,311; 1,9,479; 1,10,310; 1,11,581; 1,12,417; 1,13,376;
 2,0,510; 2,1,422; 2,2,1; 2,3,289; 2,4,744; 2,5,390; 2,6,437; 2,7,491; 2,8,645; 2,9,880; 2,10,618; 2,11,374; 2,12,455; 2,13,211;
 3,0,706; 3,1,664; 3,2,289; 3,3,1; 3,4,491; 3,5,265; 3,6,410; 3,7,664; 3,8,804; 3,9,1070; 3,10,768; 3,11,259; 3,12,499; 3,13,310;
 4,0,966; 4,1,997; 4,2,744; 4,3,491; 4,4,1; 4,5,400; 4,6,514; 4,7,902; 4,8,990; 4,9,1261; 4,10,947; 4,11,418; 4,12,635; 4,13,636;
 5,0,581; 5,1,598; 5,2,390; 5,3,265; 5,4,400; 5,5,1; 5,6,168; 5,7,522; 5,8,634; 5,9,910; 5,10,593; 5,11,19; 5,12,284; 5,13,239;
 6,0,455; 6,1,507; 6,2,437; 6,3,410; 6,4,514; 6,5,168; 6,6,1; 6,7,389; 6,8,482; 6,9,757; 6,10,439; 6,11,163; 6,12,124; 6,13,232;
 7,0,70; 7,1,197; 7,2,491; 7,3,664; 7,4,902; 7,5,522; 7,6,389; 7,7,1; 7,8,154; 7,9,406; 7,10,133; 7,11,508; 7,12,273; 7,13,355;
 8,0,160; 8,1,311; 8,2,645; 8,3,804; 8,4,990; 8,5,634; 8,6,482; 8,7,154; 8,8,1; 8,9,276; 8,10,43; 8,11,623; 8,12,358; 8,13,498;
 9,0,372; 9,1,479; 9,2,880; 9,3,1070; 9,4,1261; 9,5,910; 9,6,757; 9,7,406; 9,8,276; 9,9,1; 9,10,318; 9,11,898; 9,12,633; 9,13,761;
 10,0,157; 10,1,310; 10,2,618; 10,3,768; 10,4,947; 10,5,593; 10,6,439; 10,7,133; 10,8,43; 10,9,318; 10,10,1; 10,11,582; 10,12,315; 10,13,464;
 11,0,567; 11,1,581; 11,2,374; 11,3,259; 11,4,418; 11,5,19; 11,6,163; 11,7,508; 11,8,623; 11,9,898; 11,10,582; 11,11,1; 11,12,275; 11,13,221;
 12,0,342; 12,1,417; 12,2,455; 12,3,499; 12,4,635; 12,5,284; 12,6,124; 12,7,273; 12,8,358; 12,9,633; 12,10,315; 12,11,275; 12,12,1; 12,13,247;
 13,0,398; 13,1,376; 13,2,211; 13,3,310; 13,4,636; 13,5,239; 13,6,232; 13,7,355; 13,8,498; 13,9,761; 13,10,464; 13,11,221; 13,12,247; 13,13,1;
}
}