structure S:V{
Distance={
 0,0,0; 0,1,8; 0,2,39; 0,3,37; 0,4,50; 0,5,61; 0,6,58; 0,7,59; 0,8,62; 0,9,81; 0,10,103; 0,11,108; 0,12,145; 0,13,181; 0,14,187; 0,15,161; 0,16,142; 0,17,174; 0,18,185; 0,19,164; 0,20,137; 0,21,117; 0,22,114; 0,23,85; 0,24,77; 0,25,87; 0,26,91; 0,27,105; 0,28,111; 0,29,91; 0,30,83; 0,31,89; 0,32,95; 0,33,74; 0,34,67; 0,35,74; 0,36,57; 0,37,45; 0,38,35; 0,39,29; 0,40,3; 0,41,5;
 1,0,8; 1,1,0; 1,2,45; 1,3,47; 1,4,49; 1,5,62; 1,6,60; 1,7,60; 1,8,66; 1,9,81; 1,10,107; 1,11,117; 1,12,149; 1,13,185; 1,14,191; 1,15,170; 1,16,146; 1,17,178; 1,18,186; 1,19,165; 1,20,139; 1,21,122; 1,22,118; 1,23,89; 1,24,80; 1,25,89; 1,26,93; 1,27,106; 1,28,113; 1,29,92; 1,30,85; 1,31,91; 1,32,97; 1,33,81; 1,34,69; 1,35,76; 1,36,59; 1,37,46; 1,38,37; 1,39,33; 1,40,11; 1,41,12;
 2,0,39; 2,1,45; 2,2,0; 2,3,9; 2,4,21; 2,5,21; 2,6,16; 2,7,15; 2,8,20; 2,9,40; 2,10,62; 2,11,66; 2,12,104; 2,13,140; 2,14,146; 2,15,120; 2,16,101; 2,17,133; 2,18,142; 2,19,120; 2,20,94; 2,21,77; 2,22,73; 2,23,44; 2,24,36; 2,25,44; 2,26,48; 2,27,62; 2,28,69; 2,29,50; 2,30,42; 2,31,55; 2,32,64; 2,33,44; 2,34,42; 2,35,61; 2,36,46; 2,37,41; 2,38,35; 2,39,30; 2,40,41; 2,41,55;
 3,0,37; 3,1,47; 3,2,9; 3,3,0; 3,4,15; 3,5,20; 3,6,17; 3,7,20; 3,8,25; 3,9,44; 3,10,67; 3,11,71; 3,12,108; 3,13,144; 3,14,150; 3,15,124; 3,16,104; 3,17,138; 3,18,143; 3,19,123; 3,20,96; 3,21,80; 3,22,78; 3,23,48; 3,24,40; 3,25,46; 3,26,50; 3,27,63; 3,28,71; 3,29,51; 3,30,43; 3,31,55; 3,32,63; 3,33,43; 3,34,41; 3,35,60; 3,36,41; 3,37,34; 3,38,26; 3,39,21; 3,40,37; 3,41,41;
 4,0,50; 4,1,49; 4,2,21; 4,3,15; 4,4,0; 4,5,17; 4,6,18; 4,7,26; 4,8,31; 4,9,50; 4,10,72; 4,11,77; 4,12,114; 4,13,150; 4,14,156; 4,15,130; 4,16,111; 4,17,143; 4,18,140; 4,19,124; 4,20,94; 4,21,83; 4,22,84; 4,23,53; 4,24,46; 4,25,46; 4,26,48; 4,27,64; 4,28,66; 4,29,46; 4,30,38; 4,31,50; 4,32,56; 4,33,35; 4,34,31; 4,35,42; 4,36,25; 4,37,20; 4,38,18; 4,39,18; 4,40,47; 4,41,53;
 5,0,61; 5,1,62; 5,2,21; 5,3,20; 5,4,17; 5,5,0; 5,6,6; 5,7,17; 5,8,22; 5,9,41; 5,10,63; 5,11,68; 5,12,106; 5,13,142; 5,14,142; 5,15,115; 5,16,97; 5,17,129; 5,18,130; 5,19,106; 5,20,80; 5,21,68; 5,22,69; 5,23,41; 5,24,34; 5,25,30; 5,26,34; 5,27,47; 5,28,51; 5,29,30; 5,30,22; 5,31,34; 5,32,42; 5,33,23; 5,34,25; 5,35,44; 5,36,30; 5,37,34; 5,38,34; 5,39,35; 5,40,57; 5,41,64;
 6,0,58; 6,1,60; 6,2,16; 6,3,17; 6,4,18; 6,5,6; 6,6,0; 6,7,10; 6,8,15; 6,9,35; 6,10,57; 6,11,61; 6,12,99; 6,13,135; 6,14,137; 6,15,110; 6,16,91; 6,17,123; 6,18,126; 6,19,106; 6,20,78; 6,21,62; 6,22,63; 6,23,34; 6,24,27; 6,25,28; 6,26,32; 6,27,46; 6,28,53; 6,29,34; 6,30,26; 6,31,39; 6,32,49; 6,33,30; 6,34,32; 6,35,51; 6,36,36; 6,37,38; 6,38,36; 6,39,33; 6,40,55; 6,41,61;
 7,0,59; 7,1,60; 7,2,15; 7,3,20; 7,4,26; 7,5,17; 7,6,10; 7,7,0; 7,8,5; 7,9,24; 7,10,46; 7,11,51; 7,12,88; 7,13,124; 7,14,130; 7,15,104; 7,16,85; 7,17,117; 7,18,124; 7,19,105; 7,20,77; 7,21,60; 7,22,57; 7,23,28; 7,24,19; 7,25,29; 7,26,33; 7,27,49; 7,28,56; 7,29,38; 7,30,32; 7,31,44; 7,32,56; 7,33,39; 7,34,41; 7,35,60; 7,36,47; 7,37,48; 7,38,46; 7,39,40; 7,40,58; 7,41,61;
 8,0,62; 8,1,66; 8,2,20; 8,3,25; 8,4,31; 8,5,22; 8,6,15; 8,7,5; 8,8,0; 8,9,20; 8,10,41; 8,11,46; 8,12,84; 8,13,120; 8,14,125; 8,15,105; 8,16,86; 8,17,118; 8,18,128; 8,19,110; 8,20,84; 8,21,61; 8,22,59; 8,23,29; 8,24,21; 8,25,32; 8,26,36; 8,27,54; 8,28,61; 8,29,43; 8,30,36; 8,31,49; 8,32,60; 8,33,44; 8,34,46; 8,35,66; 8,36,52; 8,37,53; 8,38,51; 8,39,45; 8,40,63; 8,41,66;
 9,0,81; 9,1,81; 9,2,40; 9,3,44; 9,4,50; 9,5,41; 9,6,35; 9,7,24; 9,8,20; 9,9,0; 9,10,23; 9,11,26; 9,12,63; 9,13,99; 9,14,105; 9,15,90; 9,16,75; 9,17,107; 9,18,118; 9,19,104; 9,20,77; 9,21,50; 9,22,48; 9,23,22; 9,24,14; 9,25,27; 9,26,30; 9,27,48; 9,28,57; 9,29,49; 9,30,51; 9,31,63; 9,32,75; 9,33,62; 9,34,64; 9,35,83; 9,36,71; 9,37,73; 9,38,70; 9,39,65; 9,40,83; 9,41,84;
 10,0,103; 10,1,107; 10,2,62; 10,3,67; 10,4,72; 10,5,63; 10,6,57; 10,7,46; 10,8,41; 10,9,23; 10,10,0; 10,11,11; 10,12,49; 10,13,85; 10,14,90; 10,15,72; 10,16,51; 10,17,83; 10,18,93; 10,19,86; 10,20,56; 10,21,34; 10,22,28; 10,23,23; 10,24,29; 10,25,36; 10,26,34; 10,27,46; 10,28,59; 10,29,60; 10,30,63; 10,31,76; 10,32,86; 10,33,78; 10,34,83; 10,35,102; 10,36,93; 10,37,96; 10,38,93; 10,39,87; 10,40,105; 10,41,111;
 11,0,108; 11,1,117; 11,2,66; 11,3,71; 11,4,77; 11,5,68; 11,6,61; 11,7,51; 11,8,46; 11,9,26; 11,10,11; 11,11,0; 11,12,40; 11,13,76; 11,14,81; 11,15,62; 11,16,59; 11,17,84; 11,18,101; 11,19,97; 11,20,64; 11,21,42; 11,22,36; 11,23,35; 11,24,40; 11,25,47; 11,26,45; 11,27,59; 11,28,71; 11,29,71; 11,30,75; 11,31,87; 11,32,97; 11,33,89; 11,34,90; 11,35,110; 11,36,98; 11,37,99; 11,38,97; 11,39,91; 11,40,109; 11,41,113;
 12,0,145; 12,1,149; 12,2,104; 12,3,108; 12,4,114; 12,5,106; 12,6,99; 12,7,88; 12,8,84; 12,9,63; 12,10,49; 12,11,40; 12,12,0; 12,13,35; 12,14,41; 12,15,34; 12,16,29; 12,17,54; 12,18,72; 12,19,71; 12,20,65; 12,21,49; 12,22,43; 12,23,69; 12,24,77; 12,25,78; 12,26,77; 12,27,85; 12,28,96; 12,29,103; 12,30,106; 12,31,120; 12,32,126; 12,33,121; 12,34,130; 12,35,147; 12,36,136; 12,37,137; 12,38,134; 12,39,117; 12,40,147; 12,41,150;
 13,0,181; 13,1,185; 13,2,140; 13,3,144; 13,4,150; 13,5,142; 13,6,135; 13,7,124; 13,8,120; 13,9,99; 13,10,85; 13,11,76; 13,12,35; 13,13,0; 13,14,10; 13,15,31; 13,16,53; 13,17,46; 13,18,69; 13,19,93; 13,20,90; 13,21,82; 13,22,77; 13,23,105; 13,24,114; 13,25,116; 13,26,115; 13,27,119; 13,28,130; 13,29,141; 13,30,142; 13,31,155; 13,32,160; 13,33,159; 13,34,164; 13,35,185; 13,36,172; 13,37,176; 13,38,171; 13,39,166; 13,40,186; 13,41,186;
 14,0,187; 14,1,191; 14,2,146; 14,3,150; 14,4,156; 14,5,142; 14,6,137; 14,7,130; 14,8,125; 14,9,105; 14,10,90; 14,11,81; 14,12,41; 14,13,10; 14,14,0; 14,15,27; 14,16,48; 14,17,35; 14,18,58; 14,19,82; 14,20,87; 14,21,77; 14,22,72; 14,23,102; 14,24,111; 14,25,112; 14,26,110; 14,27,115; 14,28,126; 14,29,136; 14,30,140; 14,31,150; 14,32,155; 14,33,155; 14,34,160; 14,35,179; 14,36,172; 14,37,178; 14,38,176; 14,39,171; 14,40,188; 14,41,192;
 15,0,161; 15,1,170; 15,2,120; 15,3,124; 15,4,130; 15,5,115; 15,6,110; 15,7,104; 15,8,105; 15,9,90; 15,10,72; 15,11,62; 15,12,34; 15,13,31; 15,14,27; 15,15,0; 15,16,21; 15,17,26; 15,18,58; 15,19,62; 15,20,58; 15,21,60; 15,22,45; 15,23,74; 15,24,84; 15,25,84; 15,26,83; 15,27,88; 15,28,98; 15,29,109; 15,30,112; 15,31,123; 15,32,128; 15,33,127; 15,34,133; 15,35,155; 15,36,148; 15,37,151; 15,38,151; 15,39,144; 15,40,164; 15,41,166;
 16,0,142; 16,1,146; 16,2,101; 16,3,104; 16,4,111; 16,5,97; 16,6,91; 16,7,85; 16,8,86; 16,9,75; 16,10,51; 16,11,59; 16,12,29; 16,13,53; 16,14,48; 16,15,21; 16,16,0; 16,17,31; 16,18,43; 16,19,42; 16,20,36; 16,21,30; 16,22,27; 16,23,56; 16,24,64; 16,25,66; 16,26,63; 16,27,66; 16,28,75; 16,29,90; 16,30,93; 16,31,100; 16,32,104; 16,33,108; 16,34,114; 16,35,133; 16,36,126; 16,37,131; 16,38,129; 16,39,125; 16,40,144; 16,41,147;
 17,0,174; 17,1,178; 17,2,133; 17,3,138; 17,4,143; 17,5,129; 17,6,123; 17,7,117; 17,8,118; 17,9,107; 17,10,83; 17,11,84; 17,12,54; 17,13,46; 17,14,35; 17,15,26; 17,16,31; 17,17,0; 17,18,26; 17,19,45; 17,20,68; 17,21,62; 17,22,59; 17,23,88; 17,24,96; 17,25,98; 17,26,97; 17,27,98; 17,28,98; 17,29,115; 17,30,126; 17,31,123; 17,32,128; 17,33,136; 17,34,146; 17,35,159; 17,36,158; 17,37,163; 17,38,161; 17,39,157; 17,40,176; 17,41,180;
 18,0,185; 18,1,186; 18,2,142; 18,3,143; 18,4,140; 18,5,130; 18,6,126; 18,7,124; 18,8,128; 18,9,118; 18,10,93; 18,11,101; 18,12,72; 18,13,69; 18,14,58; 18,15,58; 18,16,43; 18,17,26; 18,18,0; 18,19,22; 18,20,50; 18,21,70; 18,22,69; 18,23,99; 18,24,107; 18,25,95; 18,26,91; 18,27,79; 18,28,85; 18,29,99; 18,30,108; 18,31,109; 18,32,113; 18,33,124; 18,34,134; 18,35,146; 18,36,147; 18,37,159; 18,38,163; 18,39,156; 18,40,182; 18,41,188;
 19,0,164; 19,1,165; 19,2,120; 19,3,123; 19,4,124; 19,5,106; 19,6,106; 19,7,105; 19,8,110; 19,9,104; 19,10,86; 19,11,97; 19,12,71; 19,13,93; 19,14,82; 19,15,62; 19,16,42; 19,17,45; 19,18,22; 19,19,0; 19,20,30; 19,21,49; 19,22,55; 19,23,81; 19,24,87; 19,25,75; 19,26,72; 19,27,59; 19,28,62; 19,29,81; 19,30,88; 19,31,86; 19,32,90; 19,33,101; 19,34,111; 19,35,122; 19,36,124; 19,37,135; 19,38,139; 19,39,139; 19,40,161; 19,41,167;
 20,0,137; 20,1,139; 20,2,94; 20,3,96; 20,4,94; 20,5,80; 20,6,78; 20,7,77; 20,8,84; 20,9,77; 20,10,56; 20,11,64; 20,12,65; 20,13,90; 20,14,87; 20,15,58; 20,16,36; 20,17,68; 20,18,50; 20,19,30; 20,20,0; 20,21,21; 20,22,27; 20,23,54; 20,24,60; 20,25,47; 20,26,44; 20,27,31; 20,28,38; 20,29,53; 20,30,60; 20,31,62; 20,32,67; 20,33,75; 20,34,85; 20,35,98; 20,36,121; 20,37,108; 20,38,118; 20,39,113; 20,40,134; 20,41,140;
 21,0,117; 21,1,122; 21,2,77; 21,3,80; 21,4,83; 21,5,68; 21,6,62; 21,7,60; 21,8,61; 21,9,50; 21,10,34; 21,11,42; 21,12,49; 21,13,82; 21,14,77; 21,15,60; 21,16,30; 21,17,62; 21,18,70; 21,19,49; 21,20,21; 21,21,0; 21,22,5; 21,23,32; 21,24,40; 21,25,36; 21,26,32; 21,27,36; 21,28,47; 21,29,61; 21,30,64; 21,31,71; 21,32,76; 21,33,79; 21,34,84; 21,35,105; 21,36,97; 21,37,102; 21,38,102; 21,39,95; 21,40,119; 21,41,124;
 22,0,114; 22,1,118; 22,2,73; 22,3,78; 22,4,84; 22,5,69; 22,6,63; 22,7,57; 22,8,59; 22,9,48; 22,10,28; 22,11,36; 22,12,43; 22,13,77; 22,14,72; 22,15,45; 22,16,27; 22,17,59; 22,18,69; 22,19,55; 22,20,27; 22,21,5; 22,22,0; 22,23,29; 22,24,37; 22,25,39; 22,26,36; 22,27,42; 22,28,53; 22,29,62; 22,30,66; 22,31,78; 22,32,82; 22,33,81; 22,34,86; 22,35,107; 22,36,99; 22,37,103; 22,38,101; 22,39,97; 22,40,116; 22,41,119;
 23,0,85; 23,1,89; 23,2,44; 23,3,48; 23,4,53; 23,5,41; 23,6,34; 23,7,28; 23,8,29; 23,9,22; 23,10,23; 23,11,35; 23,12,69; 23,13,105; 23,14,102; 23,15,74; 23,16,56; 23,17,88; 23,18,99; 23,19,81; 23,20,54; 23,21,32; 23,22,29; 23,23,0; 23,24,8; 23,25,12; 23,26,9; 23,27,28; 23,28,39; 23,29,36; 23,30,39; 23,31,52; 23,32,62; 23,33,54; 23,34,59; 23,35,79; 23,36,71; 23,37,73; 23,38,71; 23,39,67; 23,40,86; 23,41,90;
 24,0,77; 24,1,80; 24,2,36; 24,3,40; 24,4,46; 24,5,34; 24,6,27; 24,7,19; 24,8,21; 24,9,14; 24,10,29; 24,11,40; 24,12,77; 24,13,114; 24,14,111; 24,15,84; 24,16,64; 24,17,96; 24,18,107; 24,19,87; 24,20,60; 24,21,40; 24,22,37; 24,23,8; 24,24,0; 24,25,11; 24,26,15; 24,27,33; 24,28,42; 24,29,34; 24,30,36; 24,31,49; 24,32,59; 24,33,50; 24,34,52; 24,35,71; 24,36,65; 24,37,67; 24,38,65; 24,39,60; 24,40,78; 24,41,87;
 25,0,87; 25,1,89; 25,2,44; 25,3,46; 25,4,46; 25,5,30; 25,6,28; 25,7,29; 25,8,32; 25,9,27; 25,10,36; 25,11,47; 25,12,78; 25,13,116; 25,14,112; 25,15,84; 25,16,66; 25,17,98; 25,18,95; 25,19,75; 25,20,47; 25,21,36; 25,22,39; 25,23,12; 25,24,11; 25,25,0; 25,26,3; 25,27,21; 25,28,29; 25,29,24; 25,30,27; 25,31,39; 25,32,49; 25,33,42; 25,34,47; 25,35,66; 25,36,59; 25,37,64; 25,38,65; 25,39,62; 25,40,84; 25,41,90;
 26,0,91; 26,1,93; 26,2,48; 26,3,50; 26,4,48; 26,5,34; 26,6,32; 26,7,33; 26,8,36; 26,9,30; 26,10,34; 26,11,45; 26,12,77; 26,13,115; 26,14,110; 26,15,83; 26,16,63; 26,17,97; 26,18,91; 26,19,72; 26,20,44; 26,21,32; 26,22,36; 26,23,9; 26,24,15; 26,25,3; 26,26,0; 26,27,20; 26,28,30; 26,29,28; 26,30,31; 26,31,44; 26,32,53; 26,33,46; 26,34,51; 26,35,70; 26,36,63; 26,37,69; 26,38,70; 26,39,67; 26,40,88; 26,41,94;
 27,0,105; 27,1,106; 27,2,62; 27,3,63; 27,4,64; 27,5,47; 27,6,46; 27,7,49; 27,8,54; 27,9,48; 27,10,46; 27,11,59; 27,12,85; 27,13,119; 27,14,115; 27,15,88; 27,16,66; 27,17,98; 27,18,79; 27,19,59; 27,20,31; 27,21,36; 27,22,42; 27,23,28; 27,24,33; 27,25,21; 27,26,20; 27,27,0; 27,28,12; 27,29,20; 27,30,28; 27,31,35; 27,32,40; 27,33,43; 27,34,53; 27,35,70; 27,36,67; 27,37,75; 27,38,84; 27,39,79; 27,40,101; 27,41,107;
 28,0,111; 28,1,113; 28,2,69; 28,3,71; 28,4,66; 28,5,51; 28,6,53; 28,7,56; 28,8,61; 28,9,57; 28,10,59; 28,11,71; 28,12,96; 28,13,130; 28,14,126; 28,15,98; 28,16,75; 28,17,98; 28,18,85; 28,19,62; 28,20,38; 28,21,47; 28,22,53; 28,23,39; 28,24,42; 28,25,29; 28,26,30; 28,27,12; 28,28,0; 28,29,20; 28,30,28; 28,31,24; 28,32,29; 28,33,39; 28,34,49; 28,35,60; 28,36,62; 28,37,72; 28,38,78; 28,39,82; 28,40,108; 28,41,114;
 29,0,91; 29,1,92; 29,2,50; 29,3,51; 29,4,46; 29,5,30; 29,6,34; 29,7,38; 29,8,43; 29,9,49; 29,10,60; 29,11,71; 29,12,103; 29,13,141; 29,14,136; 29,15,109; 29,16,90; 29,17,115; 29,18,99; 29,19,81; 29,20,53; 29,21,61; 29,22,62; 29,23,36; 29,24,34; 29,25,24; 29,26,28; 29,27,20; 29,28,20; 29,29,0; 29,30,8; 29,31,15; 29,32,25; 29,33,23; 29,34,32; 29,35,48; 29,36,46; 29,37,54; 29,38,58; 29,39,62; 29,40,88; 29,41,77;
 30,0,83; 30,1,85; 30,2,42; 30,3,43; 30,4,38; 30,5,22; 30,6,26; 30,7,32; 30,8,36; 30,9,51; 30,10,63; 30,11,75; 30,12,106; 30,13,142; 30,14,140; 30,15,112; 30,16,93; 30,17,126; 30,18,108; 30,19,88; 30,20,60; 30,21,64; 30,22,66; 30,23,39; 30,24,36; 30,25,27; 30,26,31; 30,27,28; 30,28,28; 30,29,8; 30,30,0; 30,31,12; 30,32,23; 30,33,14; 30,34,24; 30,35,40; 30,36,38; 30,37,46; 30,38,50; 30,39,53; 30,40,80; 30,41,86;
 31,0,89; 31,1,91; 31,2,55; 31,3,55; 31,4,50; 31,5,34; 31,6,39; 31,7,44; 31,8,49; 31,9,63; 31,10,76; 31,11,87; 31,12,120; 31,13,155; 31,14,150; 31,15,123; 31,16,100; 31,17,123; 31,18,109; 31,19,86; 31,20,62; 31,21,71; 31,22,78; 31,23,52; 31,24,49; 31,25,39; 31,26,44; 31,27,35; 31,28,24; 31,29,15; 31,30,12; 31,31,0; 31,32,11; 31,33,14; 31,34,24; 31,35,36; 31,36,37; 31,37,49; 31,38,56; 31,39,59; 31,40,86; 31,41,92;
 32,0,95; 32,1,97; 32,2,64; 32,3,63; 32,4,56; 32,5,42; 32,6,49; 32,7,56; 32,8,60; 32,9,75; 32,10,86; 32,11,97; 32,12,126; 32,13,160; 32,14,155; 32,15,128; 32,16,104; 32,17,128; 32,18,113; 32,19,90; 32,20,67; 32,21,76; 32,22,82; 32,23,62; 32,24,59; 32,25,49; 32,26,53; 32,27,40; 32,28,29; 32,29,25; 32,30,23; 32,31,11; 32,32,0; 32,33,21; 32,34,30; 32,35,33; 32,36,43; 32,37,54; 32,38,62; 32,39,66; 32,40,92; 32,41,98;
 33,0,74; 33,1,81; 33,2,44; 33,3,43; 33,4,35; 33,5,23; 33,6,30; 33,7,39; 33,8,44; 33,9,62; 33,10,78; 33,11,89; 33,12,121; 33,13,159; 33,14,155; 33,15,127; 33,16,108; 33,17,136; 33,18,124; 33,19,101; 33,20,75; 33,21,79; 33,22,81; 33,23,54; 33,24,50; 33,25,42; 33,26,46; 33,27,43; 33,28,39; 33,29,23; 33,30,14; 33,31,14; 33,32,21; 33,33,0; 33,34,9; 33,35,25; 33,36,23; 33,37,34; 33,38,41; 33,39,45; 33,40,71; 33,41,80;
 34,0,67; 34,1,69; 34,2,42; 34,3,41; 34,4,31; 34,5,25; 34,6,32; 34,7,41; 34,8,46; 34,9,64; 34,10,83; 34,11,90; 34,12,130; 34,13,164; 34,14,160; 34,15,133; 34,16,114; 34,17,146; 34,18,134; 34,19,111; 34,20,85; 34,21,84; 34,22,86; 34,23,59; 34,24,52; 34,25,47; 34,26,51; 34,27,53; 34,28,49; 34,29,32; 34,30,24; 34,31,24; 34,32,30; 34,33,9; 34,34,0; 34,35,18; 34,36,13; 34,37,24; 34,38,32; 34,39,38; 34,40,64; 34,41,74;
 35,0,74; 35,1,76; 35,2,61; 35,3,60; 35,4,42; 35,5,44; 35,6,51; 35,7,60; 35,8,66; 35,9,83; 35,10,102; 35,11,110; 35,12,147; 35,13,185; 35,14,179; 35,15,155; 35,16,133; 35,17,159; 35,18,146; 35,19,122; 35,20,98; 35,21,105; 35,22,107; 35,23,79; 35,24,71; 35,25,66; 35,26,70; 35,27,70; 35,28,60; 35,29,48; 35,30,40; 35,31,36; 35,32,33; 35,33,25; 35,34,18; 35,35,0; 35,36,17; 35,37,29; 35,38,38; 35,39,45; 35,40,71; 35,41,77;
 36,0,57; 36,1,59; 36,2,46; 36,3,41; 36,4,25; 36,5,30; 36,6,36; 36,7,47; 36,8,52; 36,9,71; 36,10,93; 36,11,98; 36,12,136; 36,13,172; 36,14,172; 36,15,148; 36,16,126; 36,17,158; 36,18,147; 36,19,124; 36,20,121; 36,21,97; 36,22,99; 36,23,71; 36,24,65; 36,25,59; 36,26,63; 36,27,67; 36,28,62; 36,29,46; 36,30,38; 36,31,37; 36,32,43; 36,33,23; 36,34,13; 36,35,17; 36,36,0; 36,37,12; 36,38,21; 36,39,27; 36,40,54; 36,41,60;
 37,0,45; 37,1,46; 37,2,41; 37,3,34; 37,4,20; 37,5,34; 37,6,38; 37,7,48; 37,8,53; 37,9,73; 37,10,96; 37,11,99; 37,12,137; 37,13,176; 37,14,178; 37,15,151; 37,16,131; 37,17,163; 37,18,159; 37,19,135; 37,20,108; 37,21,102; 37,22,103; 37,23,73; 37,24,67; 37,25,64; 37,26,69; 37,27,75; 37,28,72; 37,29,54; 37,30,46; 37,31,49; 37,32,54; 37,33,34; 37,34,24; 37,35,29; 37,36,12; 37,37,0; 37,38,9; 37,39,15; 37,40,41; 37,41,48;
 38,0,35; 38,1,37; 38,2,35; 38,3,26; 38,4,18; 38,5,34; 38,6,36; 38,7,46; 38,8,51; 38,9,70; 38,10,93; 38,11,97; 38,12,134; 38,13,171; 38,14,176; 38,15,151; 38,16,129; 38,17,161; 38,18,163; 38,19,139; 38,20,118; 38,21,102; 38,22,101; 38,23,71; 38,24,65; 38,25,65; 38,26,70; 38,27,84; 38,28,78; 38,29,58; 38,30,50; 38,31,56; 38,32,62; 38,33,41; 38,34,32; 38,35,38; 38,36,21; 38,37,9; 38,38,0; 38,39,6; 38,40,32; 38,41,38;
 39,0,29; 39,1,33; 39,2,30; 39,3,21; 39,4,18; 39,5,35; 39,6,33; 39,7,40; 39,8,45; 39,9,65; 39,10,87; 39,11,91; 39,12,117; 39,13,166; 39,14,171; 39,15,144; 39,16,125; 39,17,157; 39,18,156; 39,19,139; 39,20,113; 39,21,95; 39,22,97; 39,23,67; 39,24,60; 39,25,62; 39,26,67; 39,27,79; 39,28,82; 39,29,62; 39,30,53; 39,31,59; 39,32,66; 39,33,45; 39,34,38; 39,35,45; 39,36,27; 39,37,15; 39,38,6; 39,39,0; 39,40,25; 39,41,32;
 40,0,3; 40,1,11; 40,2,41; 40,3,37; 40,4,47; 40,5,57; 40,6,55; 40,7,58; 40,8,63; 40,9,83; 40,10,105; 40,11,109; 40,12,147; 40,13,186; 40,14,188; 40,15,164; 40,16,144; 40,17,176; 40,18,182; 40,19,161; 40,20,134; 40,21,119; 40,22,116; 40,23,86; 40,24,78; 40,25,84; 40,26,88; 40,27,101; 40,28,108; 40,29,88; 40,30,80; 40,31,86; 40,32,92; 40,33,71; 40,34,64; 40,35,71; 40,36,54; 40,37,41; 40,38,32; 40,39,25; 40,40,0; 40,41,6;
 41,0,5; 41,1,12; 41,2,55; 41,3,41; 41,4,53; 41,5,64; 41,6,61; 41,7,61; 41,8,66; 41,9,84; 41,10,111; 41,11,113; 41,12,150; 41,13,186; 41,14,192; 41,15,166; 41,16,147; 41,17,180; 41,18,188; 41,19,167; 41,20,140; 41,21,124; 41,22,119; 41,23,90; 41,24,87; 41,25,90; 41,26,94; 41,27,107; 41,28,114; 41,29,77; 41,30,86; 41,31,92; 41,32,98; 41,33,80; 41,34,74; 41,35,77; 41,36,60; 41,37,48; 41,38,38; 41,39,32; 41,40,6; 41,41,0;
}
}