structure S:V{
Distance={
 0,0,0; 0,1,83; 0,2,93; 0,3,129; 0,4,133; 0,5,139; 0,6,151; 0,7,169; 0,8,135; 0,9,114; 0,10,110; 0,11,98; 0,12,99; 0,13,95; 0,14,81; 0,15,152; 0,16,159; 0,17,181; 0,18,172; 0,19,185; 0,20,147; 0,21,157; 0,22,185; 0,23,220; 0,24,127; 0,25,181;
 1,0,83; 1,1,0; 1,2,40; 1,3,53; 1,4,62; 1,5,64; 1,6,91; 1,7,116; 1,8,93; 1,9,84; 1,10,95; 1,11,98; 1,12,89; 1,13,68; 1,14,67; 1,15,127; 1,16,156; 1,17,175; 1,18,152; 1,19,165; 1,20,160; 1,21,180; 1,22,223; 1,23,268; 1,24,179; 1,25,197;
 2,0,93; 2,1,40; 2,2,0; 2,3,42; 2,4,42; 2,5,49; 2,6,59; 2,7,81; 2,8,54; 2,9,44; 2,10,58; 2,11,64; 2,12,54; 2,13,31; 2,14,36; 2,15,86; 2,16,117; 2,17,135; 2,18,112; 2,19,125; 2,20,124; 2,21,147; 2,22,193; 2,23,241; 2,24,157; 2,25,161;
 3,0,129; 3,1,53; 3,2,42; 3,3,0; 3,4,11; 3,5,11; 3,6,46; 3,7,72; 3,8,65; 3,9,70; 3,10,88; 3,11,100; 3,12,89; 3,13,66; 3,14,76; 3,15,102; 3,16,142; 3,17,156; 3,18,127; 3,19,139; 3,20,155; 3,21,180; 3,22,228; 3,23,278; 3,24,197; 3,25,190;
 4,0,133; 4,1,62; 4,2,42; 4,3,11; 4,4,0; 4,5,9; 4,6,35; 4,7,61; 4,8,55; 4,9,62; 4,10,82; 4,11,95; 4,12,84; 4,13,62; 4,14,74; 4,15,93; 4,16,133; 4,17,146; 4,18,117; 4,19,128; 4,20,148; 4,21,173; 4,22,222; 4,23,272; 4,24,194; 4,25,182;
 5,0,139; 5,1,64; 5,2,49; 5,3,11; 5,4,9; 5,5,0; 5,6,39; 5,7,65; 5,8,63; 5,9,71; 5,10,90; 5,11,103; 5,12,92; 5,13,71; 5,14,82; 5,15,100; 5,16,141; 5,17,153; 5,18,124; 5,19,135; 5,20,156; 5,21,181; 5,22,230; 5,23,280; 5,24,202; 5,25,190;
 6,0,151; 6,1,91; 6,2,59; 6,3,46; 6,4,35; 6,5,39; 6,6,0; 6,7,26; 6,8,34; 6,9,52; 6,10,71; 6,11,88; 6,12,77; 6,13,63; 6,14,78; 6,15,66; 6,16,110; 6,17,119; 6,18,88; 6,19,98; 6,20,130; 6,21,156; 6,22,206; 6,23,257; 6,24,188; 6,25,160;
 7,0,169; 7,1,116; 7,2,81; 7,3,72; 7,4,61; 7,5,65; 7,6,26; 7,7,0; 7,8,37; 7,9,59; 7,10,75; 7,11,92; 7,12,83; 7,13,76; 7,14,91; 7,15,54; 7,16,98; 7,17,103; 7,18,70; 7,19,78; 7,20,122; 7,21,148; 7,22,198; 7,23,250; 7,24,188; 7,25,148;
 8,0,135; 8,1,93; 8,2,54; 8,3,65; 8,4,55; 8,5,63; 8,6,34; 8,7,37; 8,8,0; 8,9,22; 8,10,39; 8,11,56; 8,12,47; 8,13,40; 8,14,55; 8,15,37; 8,16,78; 8,17,91; 8,18,62; 8,19,74; 8,20,96; 8,21,122; 8,22,172; 8,23,223; 8,24,155; 8,25,128;
 9,0,114; 9,1,84; 9,2,44; 9,3,70; 9,4,62; 9,5,71; 9,6,52; 9,7,59; 9,8,22; 9,9,0; 9,10,20; 9,11,36; 9,12,26; 9,13,20; 9,14,34; 9,15,43; 9,16,74; 9,17,91; 9,18,68; 9,19,82; 9,20,86; 9,21,111; 9,22,160; 9,23,210; 9,24,136; 9,25,121;
 10,0,110; 10,1,95; 10,2,58; 10,3,88; 10,4,82; 10,5,90; 10,6,71; 10,7,75; 10,8,39; 10,9,20; 10,10,0; 10,11,18; 10,12,11; 10,13,27; 10,14,32; 10,15,42; 10,16,61; 10,17,80; 10,18,64; 10,19,77; 10,20,68; 10,21,92; 10,22,140; 10,23,190; 10,24,116; 10,25,103;
 11,0,98; 11,1,98; 11,2,64; 11,3,100; 11,4,95; 11,5,103; 11,6,88; 11,7,92; 11,8,56; 11,9,36; 11,10,18; 11,11,0; 11,12,11; 11,13,34; 11,14,31; 11,15,56; 11,16,63; 11,17,85; 11,18,75; 11,19,87; 11,20,62; 11,21,83; 11,22,129; 11,23,178; 11,24,100; 11,25,99;
 12,0,99; 12,1,89; 12,2,54; 12,3,89; 12,4,84; 12,5,92; 12,6,77; 12,7,83; 12,8,47; 12,9,26; 12,10,11; 12,11,11; 12,12,0; 12,13,23; 12,14,24; 12,15,53; 12,16,68; 12,17,89; 12,18,74; 12,19,87; 12,20,71; 12,21,93; 12,22,140; 12,23,189; 12,24,111; 12,25,107;
 13,0,95; 13,1,68; 13,2,31; 13,3,66; 13,4,62; 13,5,71; 13,6,63; 13,7,76; 13,8,40; 13,9,20; 13,10,27; 13,11,34; 13,12,23; 13,13,0; 13,14,15; 13,15,62; 13,16,87; 13,17,106; 13,18,87; 13,19,100; 13,20,93; 13,21,116; 13,22,163; 13,23,212; 13,24,132; 13,25,130;
 14,0,81; 14,1,67; 14,2,36; 14,3,76; 14,4,74; 14,5,82; 14,6,78; 14,7,91; 14,8,55; 14,9,34; 14,10,32; 14,11,31; 14,12,24; 14,13,15; 14,14,0; 14,15,73; 14,16,92; 14,17,112; 14,18,96; 14,19,109; 14,20,93; 14,21,113; 14,22,158; 14,23,205; 14,24,122; 14,25,130;
 15,0,152; 15,1,127; 15,2,86; 15,3,102; 15,4,93; 15,5,100; 15,6,66; 15,7,54; 15,8,37; 15,9,43; 15,10,42; 15,11,56; 15,12,53; 15,13,62; 15,14,73; 15,15,0; 15,16,44; 15,17,54; 15,18,26; 15,19,39; 15,20,68; 15,21,94; 15,22,144; 15,23,196; 15,24,139; 15,25,95;
 16,0,159; 16,1,156; 16,2,117; 16,3,142; 16,4,133; 16,5,141; 16,6,110; 16,7,98; 16,8,78; 16,9,74; 16,10,61; 16,11,63; 16,12,68; 16,13,87; 16,14,92; 16,15,44; 16,16,0; 16,17,22; 16,18,34; 16,19,38; 16,20,30; 16,21,53; 16,22,102; 16,23,154; 16,24,109; 16,25,51;
 17,0,181; 17,1,175; 17,2,135; 17,3,156; 17,4,146; 17,5,153; 17,6,119; 17,7,103; 17,8,91; 17,9,91; 17,10,80; 17,11,85; 17,12,89; 17,13,106; 17,14,112; 17,15,54; 17,16,22; 17,17,0; 17,18,33; 17,19,29; 17,20,46; 17,21,64; 17,22,107; 17,23,157; 17,24,125; 17,25,51;
 18,0,172; 18,1,152; 18,2,112; 18,3,127; 18,4,117; 18,5,124; 18,6,88; 18,7,70; 18,8,62; 18,9,68; 18,10,64; 18,11,75; 18,12,74; 18,13,87; 18,14,96; 18,15,26; 18,16,34; 18,17,33; 18,18,0; 18,19,13; 18,20,63; 18,21,87; 18,22,135; 18,23,186; 18,24,141; 18,25,81;
 19,0,185; 19,1,165; 19,2,125; 19,3,139; 19,4,128; 19,5,135; 19,6,98; 19,7,78; 19,8,74; 19,9,82; 19,10,77; 19,11,87; 19,12,87; 19,13,100; 19,14,109; 19,15,39; 19,16,38; 19,17,29; 19,18,13; 19,19,0; 19,20,68; 19,21,90; 19,22,136; 19,23,186; 19,24,148; 19,25,79;
 20,0,147; 20,1,160; 20,2,124; 20,3,155; 20,4,148; 20,5,156; 20,6,130; 20,7,122; 20,8,96; 20,9,86; 20,10,68; 20,11,62; 20,12,71; 20,13,93; 20,14,93; 20,15,68; 20,16,30; 20,17,46; 20,18,63; 20,19,68; 20,20,0; 20,21,26; 20,22,77; 20,23,128; 20,24,80; 20,25,37;
 21,0,157; 21,1,180; 21,2,147; 21,3,180; 21,4,173; 21,5,181; 21,6,156; 21,7,148; 21,8,122; 21,9,111; 21,10,92; 21,11,83; 21,12,93; 21,13,116; 21,14,113; 21,15,94; 21,16,53; 21,17,64; 21,18,87; 21,19,90; 21,20,26; 21,21,0; 21,22,50; 21,23,102; 21,24,65; 21,25,27;
 22,0,185; 22,1,223; 22,2,193; 22,3,228; 22,4,222; 22,5,230; 22,6,206; 22,7,198; 22,8,172; 22,9,160; 22,10,140; 22,11,129; 22,12,140; 22,13,163; 22,14,158; 22,15,144; 22,16,102; 22,17,107; 22,18,135; 22,19,136; 22,20,77; 22,21,50; 22,22,0; 22,23,51; 22,24,64; 22,25,58;
 23,0,220; 23,1,268; 23,2,241; 23,3,278; 23,4,272; 23,5,280; 23,6,257; 23,7,250; 23,8,223; 23,9,210; 23,10,190; 23,11,178; 23,12,189; 23,13,212; 23,14,205; 23,15,196; 23,16,154; 23,17,157; 23,18,186; 23,19,186; 23,20,128; 23,21,102; 23,22,51; 23,23,0; 23,24,93; 23,25,107;
 24,0,127; 24,1,179; 24,2,157; 24,3,197; 24,4,194; 24,5,202; 24,6,188; 24,7,188; 24,8,155; 24,9,136; 24,10,116; 24,11,100; 24,12,111; 24,13,132; 24,14,122; 24,15,139; 24,16,109; 24,17,125; 24,18,141; 24,19,148; 24,20,80; 24,21,65; 24,22,64; 24,23,93; 24,24,0; 24,25,90;
 25,0,181; 25,1,197; 25,2,161; 25,3,190; 25,4,182; 25,5,190; 25,6,160; 25,7,148; 25,8,128; 25,9,121; 25,10,103; 25,11,99; 25,12,107; 25,13,130; 25,14,130; 25,15,95; 25,16,51; 25,17,51; 25,18,81; 25,19,79; 25,20,37; 25,21,27; 25,22,58; 25,23,107; 25,24,90; 25,25,0;
}
}