structure S:V{
Distance={
 0,0,0; 0,1,510; 0,2,635; 0,3,91; 0,4,385; 0,5,155; 0,6,110; 0,7,130; 0,8,490; 0,9,370; 0,10,155; 0,11,68; 0,12,610; 0,13,655; 0,14,480; 0,15,265; 0,16,255; 0,17,450; 0,18,170; 0,19,240; 0,20,380;
 1,0,510; 1,1,0; 1,2,355; 1,3,415; 1,4,585; 1,5,475; 1,6,480; 1,7,500; 1,8,605; 1,9,320; 1,10,380; 1,11,440; 1,12,360; 1,13,235; 1,14,81; 1,15,480; 1,16,440; 1,17,270; 1,18,445; 1,19,290; 1,20,140;
 2,0,635; 2,1,355; 2,2,0; 2,3,605; 2,4,390; 2,5,495; 2,6,570; 2,7,540; 2,8,295; 2,9,700; 2,10,640; 2,11,575; 2,12,705; 2,13,585; 2,14,435; 2,15,420; 2,16,755; 2,17,625; 2,18,750; 2,19,590; 2,20,495;
 3,0,91; 3,1,415; 3,2,605; 3,3,0; 3,4,350; 3,5,120; 3,6,78; 3,7,97; 3,8,460; 3,9,280; 3,10,63; 3,11,27; 3,12,520; 3,13,555; 3,14,380; 3,15,235; 3,16,235; 3,17,345; 3,18,160; 3,19,140; 3,20,280;
 4,0,385; 4,1,585; 4,2,390; 4,3,350; 4,4,0; 4,5,240; 4,6,320; 4,7,285; 4,8,120; 4,9,590; 4,10,430; 4,11,320; 4,12,835; 4,13,750; 4,14,575; 4,15,125; 4,16,650; 4,17,660; 4,18,495; 4,19,480; 4,20,480;
 5,0,155; 5,1,475; 5,2,495; 5,3,120; 5,4,240; 5,5,0; 5,6,96; 5,7,36; 5,8,350; 5,9,365; 5,10,200; 5,11,91; 5,12,605; 5,13,615; 5,14,440; 5,15,125; 5,16,370; 5,17,430; 5,18,265; 5,19,255; 5,20,340;
 6,0,110; 6,1,480; 6,2,570; 6,3,78; 6,4,320; 6,5,96; 6,6,0; 6,7,29; 6,8,425; 6,9,350; 6,10,160; 6,11,48; 6,12,590; 6,13,625; 6,14,455; 6,15,200; 6,16,320; 6,17,420; 6,18,220; 6,19,205; 6,20,350;
 7,0,130; 7,1,500; 7,2,540; 7,3,97; 7,4,285; 7,5,36; 7,6,29; 7,7,0; 7,8,390; 7,9,370; 7,10,175; 7,11,67; 7,12,610; 7,13,645; 7,14,465; 7,15,165; 7,16,350; 7,17,440; 7,18,240; 7,19,220; 7,20,370;
 8,0,490; 8,1,605; 8,2,295; 8,3,460; 8,4,120; 8,5,350; 8,6,425; 8,7,390; 8,8,0; 8,9,625; 8,10,535; 8,11,430; 8,12,865; 8,13,775; 8,14,600; 8,15,230; 8,16,680; 8,17,690; 8,18,600; 8,19,515; 8,20,505;
 9,0,370; 9,1,320; 9,2,700; 9,3,280; 9,4,590; 9,5,365; 9,6,350; 9,7,370; 9,8,625; 9,9,0; 9,10,240; 9,11,300; 9,12,250; 9,13,285; 9,14,245; 9,15,475; 9,16,150; 9,17,77; 9,18,235; 9,19,150; 9,20,185;
 10,0,155; 10,1,380; 10,2,640; 10,3,63; 10,4,430; 10,5,200; 10,6,160; 10,7,175; 10,8,535; 10,9,240; 10,10,0; 10,11,90; 10,12,480; 10,13,515; 10,14,345; 10,15,310; 10,16,175; 10,17,310; 10,18,125; 10,19,100; 10,20,240;
 11,0,68; 11,1,440; 11,2,575; 11,3,27; 11,4,320; 11,5,91; 11,6,48; 11,7,67; 11,8,430; 11,9,300; 11,10,90; 11,11,0; 11,12,545; 11,13,585; 11,14,415; 11,15,205; 11,16,265; 11,17,380; 11,18,170; 11,19,170; 11,20,310;
 12,0,610; 12,1,360; 12,2,705; 12,3,520; 12,4,835; 12,5,605; 12,6,590; 12,7,610; 12,8,865; 12,9,250; 12,10,480; 12,11,545; 12,12,0; 12,13,190; 12,14,295; 12,15,715; 12,16,400; 12,17,180; 12,18,485; 12,19,390; 12,20,345;
 13,0,655; 13,1,235; 13,2,585; 13,3,555; 13,4,750; 13,5,615; 13,6,625; 13,7,645; 13,8,775; 13,9,285; 13,10,515; 13,11,585; 13,12,190; 13,13,0; 13,14,170; 13,15,650; 13,16,435; 13,17,215; 13,18,525; 13,19,425; 13,20,280;
 14,0,480; 14,1,81; 14,2,435; 14,3,380; 14,4,575; 14,5,440; 14,6,455; 14,7,465; 14,8,600; 14,9,245; 14,10,345; 14,11,415; 14,12,295; 14,13,170; 14,14,0; 14,15,475; 14,16,385; 14,17,190; 14,18,405; 14,19,255; 14,20,105;
 15,0,265; 15,1,480; 15,2,420; 15,3,235; 15,4,125; 15,5,125; 15,6,200; 15,7,165; 15,8,230; 15,9,475; 15,10,310; 15,11,205; 15,12,715; 15,13,650; 15,14,475; 15,15,0; 15,16,485; 15,17,545; 15,18,375; 15,19,395; 15,20,380;
 16,0,255; 16,1,440; 16,2,755; 16,3,235; 16,4,650; 16,5,370; 16,6,320; 16,7,350; 16,8,680; 16,9,150; 16,10,175; 16,11,265; 16,12,400; 16,13,435; 16,14,385; 16,15,485; 16,16,0; 16,17,225; 16,18,87; 16,19,205; 16,20,280;
 17,0,450; 17,1,270; 17,2,625; 17,3,345; 17,4,660; 17,5,430; 17,6,420; 17,7,440; 17,8,690; 17,9,77; 17,10,310; 17,11,380; 17,12,180; 17,13,215; 17,14,190; 17,15,545; 17,16,225; 17,17,0; 17,18,315; 17,19,220; 17,20,165;
 18,0,170; 18,1,445; 18,2,750; 18,3,160; 18,4,495; 18,5,265; 18,6,220; 18,7,240; 18,8,600; 18,9,235; 18,10,125; 18,11,170; 18,12,485; 18,13,525; 18,14,405; 18,15,375; 18,16,87; 18,17,315; 18,18,0; 18,19,155; 18,20,305;
 19,0,240; 19,1,290; 19,2,590; 19,3,140; 19,4,480; 19,5,255; 19,6,205; 19,7,220; 19,8,515; 19,9,150; 19,10,100; 19,11,170; 19,12,390; 19,13,425; 19,14,255; 19,15,395; 19,16,205; 19,17,220; 19,18,155; 19,19,0; 19,20,150;
 20,0,380; 20,1,140; 20,2,495; 20,3,280; 20,4,480; 20,5,340; 20,6,350; 20,7,370; 20,8,505; 20,9,185; 20,10,240; 20,11,310; 20,12,345; 20,13,280; 20,14,105; 20,15,380; 20,16,280; 20,17,165; 20,18,305; 20,19,150; 20,20,0;
}
}