structure S:V{
Distance={
 0,0,0; 0,1,257; 0,2,187; 0,3,91; 0,4,150; 0,5,80; 0,6,130; 0,7,134; 0,8,243; 0,9,185; 0,10,214; 0,11,70; 0,12,272; 0,13,219; 0,14,293; 0,15,54; 0,16,211; 0,17,290; 0,18,268; 0,19,261; 0,20,175; 0,21,250; 0,22,192; 0,23,121;
 1,0,257; 1,1,0; 1,2,196; 1,3,228; 1,4,112; 1,5,196; 1,6,167; 1,7,154; 1,8,209; 1,9,86; 1,10,223; 1,11,191; 1,12,180; 1,13,83; 1,14,50; 1,15,219; 1,16,74; 1,17,139; 1,18,53; 1,19,43; 1,20,128; 1,21,99; 1,22,228; 1,23,142;
 2,0,187; 2,1,196; 2,2,0; 2,3,158; 2,4,96; 2,5,88; 2,6,59; 2,7,63; 2,8,286; 2,9,124; 2,10,49; 2,11,121; 2,12,315; 2,13,172; 2,14,232; 2,15,92; 2,16,81; 2,17,98; 2,18,138; 2,19,200; 2,20,76; 2,21,89; 2,22,235; 2,23,99;
 3,0,91; 3,1,228; 3,2,158; 3,3,0; 3,4,120; 3,5,77; 3,6,101; 3,7,105; 3,8,159; 3,9,156; 3,10,185; 3,11,27; 3,12,188; 3,13,149; 3,14,264; 3,15,82; 3,16,182; 3,17,261; 3,18,239; 3,19,232; 3,20,146; 3,21,221; 3,22,108; 3,23,84;
 4,0,150; 4,1,112; 4,2,96; 4,3,120; 4,4,0; 4,5,63; 4,6,56; 4,7,34; 4,8,190; 4,9,40; 4,10,123; 4,11,83; 4,12,193; 4,13,79; 4,14,148; 4,15,119; 4,16,105; 4,17,144; 4,18,123; 4,19,98; 4,20,32; 4,21,105; 4,22,119; 4,23,35;
 5,0,80; 5,1,196; 5,2,88; 5,3,77; 5,4,63; 5,5,0; 5,6,25; 5,7,29; 5,8,216; 5,9,124; 5,10,115; 5,11,47; 5,12,245; 5,13,139; 5,14,232; 5,15,31; 5,16,150; 5,17,176; 5,18,207; 5,19,200; 5,20,76; 5,21,189; 5,22,165; 5,23,29;
 6,0,130; 6,1,167; 6,2,59; 6,3,101; 6,4,56; 6,5,25; 6,6,0; 6,7,22; 6,8,229; 6,9,95; 6,10,86; 6,11,64; 6,12,258; 6,13,134; 6,14,203; 6,15,43; 6,16,121; 6,17,164; 6,18,178; 6,19,171; 6,20,47; 6,21,160; 6,22,178; 6,23,42;
 7,0,134; 7,1,154; 7,2,63; 7,3,105; 7,4,34; 7,5,29; 7,6,22; 7,7,0; 7,8,225; 7,9,82; 7,10,90; 7,11,68; 7,12,228; 7,13,112; 7,14,190; 7,15,58; 7,16,108; 7,17,136; 7,18,165; 7,19,131; 7,20,30; 7,21,147; 7,22,154; 7,23,36;
 8,0,243; 8,1,209; 8,2,286; 8,3,159; 8,4,190; 8,5,216; 8,6,229; 8,7,225; 8,8,0; 8,9,207; 8,10,313; 8,11,173; 8,12,29; 8,13,126; 8,14,248; 8,15,238; 8,16,310; 8,17,389; 8,18,367; 8,19,166; 8,20,222; 8,21,349; 8,22,71; 8,23,220;
 9,0,185; 9,1,86; 9,2,124; 9,3,156; 9,4,40; 9,5,124; 9,6,95; 9,7,82; 9,8,207; 9,9,0; 9,10,151; 9,11,119; 9,12,159; 9,13,62; 9,14,122; 9,15,147; 9,16,37; 9,17,116; 9,18,86; 9,19,90; 9,20,56; 9,21,76; 9,22,136; 9,23,70;
 10,0,214; 10,1,223; 10,2,49; 10,3,185; 10,4,123; 10,5,115; 10,6,86; 10,7,90; 10,8,313; 10,9,151; 10,10,0; 10,11,148; 10,12,342; 10,13,199; 10,14,259; 10,15,84; 10,16,160; 10,17,147; 10,18,187; 10,19,227; 10,20,103; 10,21,138; 10,22,262; 10,23,126;
 11,0,70; 11,1,191; 11,2,121; 11,3,27; 11,4,83; 11,5,47; 11,6,64; 11,7,68; 11,8,173; 11,9,119; 11,10,148; 11,11,0; 11,12,209; 11,13,153; 11,14,227; 11,15,53; 11,16,145; 11,17,224; 11,18,202; 11,19,195; 11,20,109; 11,21,184; 11,22,110; 11,23,55;
 12,0,272; 12,1,180; 12,2,315; 12,3,188; 12,4,193; 12,5,245; 12,6,258; 12,7,228; 12,8,29; 12,9,159; 12,10,342; 12,11,209; 12,12,0; 12,13,97; 12,14,219; 12,15,267; 12,16,196; 12,17,275; 12,18,227; 12,19,137; 12,20,225; 12,21,235; 12,22,74; 12,23,249;
 13,0,219; 13,1,83; 13,2,172; 13,3,149; 13,4,79; 13,5,139; 13,6,134; 13,7,112; 13,8,126; 13,9,62; 13,10,199; 13,11,153; 13,12,97; 13,13,0; 13,14,134; 13,15,170; 13,16,99; 13,17,178; 13,18,130; 13,19,69; 13,20,104; 13,21,138; 13,22,96; 13,23,104;
 14,0,293; 14,1,50; 14,2,232; 14,3,264; 14,4,148; 14,5,232; 14,6,203; 14,7,190; 14,8,248; 14,9,122; 14,10,259; 14,11,227; 14,12,219; 14,13,134; 14,14,0; 14,15,255; 14,16,125; 14,17,154; 14,18,68; 14,19,82; 14,20,164; 14,21,114; 14,22,264; 14,23,178;
 15,0,54; 15,1,219; 15,2,92; 15,3,82; 15,4,119; 15,5,31; 15,6,43; 15,7,58; 15,8,238; 15,9,147; 15,10,84; 15,11,53; 15,12,267; 15,13,170; 15,14,255; 15,15,0; 15,16,173; 15,17,190; 15,18,230; 15,19,223; 15,20,99; 15,21,212; 15,22,187; 15,23,60;
 16,0,211; 16,1,74; 16,2,81; 16,3,182; 16,4,105; 16,5,150; 16,6,121; 16,7,108; 16,8,310; 16,9,37; 16,10,160; 16,11,145; 16,12,196; 16,13,99; 16,14,125; 16,15,173; 16,16,0; 16,17,79; 16,18,57; 16,19,90; 16,20,57; 16,21,39; 16,22,182; 16,23,96;
 17,0,290; 17,1,139; 17,2,98; 17,3,261; 17,4,144; 17,5,176; 17,6,164; 17,7,136; 17,8,389; 17,9,116; 17,10,147; 17,11,224; 17,12,275; 17,13,178; 17,14,154; 17,15,190; 17,16,79; 17,17,0; 17,18,86; 17,19,176; 17,20,112; 17,21,40; 17,22,261; 17,23,175;
 18,0,268; 18,1,53; 18,2,138; 18,3,239; 18,4,123; 18,5,207; 18,6,178; 18,7,165; 18,8,367; 18,9,86; 18,10,187; 18,11,202; 18,12,227; 18,13,130; 18,14,68; 18,15,230; 18,16,57; 18,17,86; 18,18,0; 18,19,90; 18,20,114; 18,21,46; 18,22,239; 18,23,153;
 19,0,261; 19,1,43; 19,2,200; 19,3,232; 19,4,98; 19,5,200; 19,6,171; 19,7,131; 19,8,166; 19,9,90; 19,10,227; 19,11,195; 19,12,137; 19,13,69; 19,14,82; 19,15,223; 19,16,90; 19,17,176; 19,18,90; 19,19,0; 19,20,134; 19,21,136; 19,22,165; 19,23,146;
 20,0,175; 20,1,128; 20,2,76; 20,3,146; 20,4,32; 20,5,76; 20,6,47; 20,7,30; 20,8,222; 20,9,56; 20,10,103; 20,11,109; 20,12,225; 20,13,104; 20,14,164; 20,15,99; 20,16,57; 20,17,112; 20,18,114; 20,19,134; 20,20,0; 20,21,96; 20,22,151; 20,23,47;
 21,0,250; 21,1,99; 21,2,89; 21,3,221; 21,4,105; 21,5,189; 21,6,160; 21,7,147; 21,8,349; 21,9,76; 21,10,138; 21,11,184; 21,12,235; 21,13,138; 21,14,114; 21,15,212; 21,16,39; 21,17,40; 21,18,46; 21,19,136; 21,20,96; 21,21,0; 21,22,221; 21,23,135;
 22,0,192; 22,1,228; 22,2,235; 22,3,108; 22,4,119; 22,5,165; 22,6,178; 22,7,154; 22,8,71; 22,9,136; 22,10,262; 22,11,110; 22,12,74; 22,13,96; 22,14,264; 22,15,187; 22,16,182; 22,17,261; 22,18,239; 22,19,165; 22,20,151; 22,21,221; 22,22,0; 22,23,169;
 23,0,121; 23,1,142; 23,2,99; 23,3,84; 23,4,35; 23,5,29; 23,6,42; 23,7,36; 23,8,220; 23,9,70; 23,10,126; 23,11,55; 23,12,249; 23,13,104; 23,14,178; 23,15,60; 23,16,96; 23,17,175; 23,18,153; 23,19,146; 23,20,47; 23,21,135; 23,22,169; 23,23,0;
}
}