structure S:V{
Distance={
 0,0,0; 0,1,15; 0,2,30; 0,3,23; 0,4,32; 0,5,55; 0,6,33; 0,7,37; 0,8,92; 0,9,114; 0,10,92; 0,11,110; 0,12,96; 0,13,90; 0,14,74; 0,15,76; 0,16,82; 0,17,67; 0,18,72; 0,19,78; 0,20,82; 0,21,159; 0,22,122; 0,23,131; 0,24,206; 0,25,112; 0,26,57; 0,27,28; 0,28,43; 0,29,70; 0,30,65; 0,31,66; 0,32,37; 0,33,103; 0,34,84; 0,35,125; 0,36,129; 0,37,72; 0,38,126; 0,39,141; 0,40,183; 0,41,124;
 1,0,15; 1,1,0; 1,2,34; 1,3,23; 1,4,27; 1,5,40; 1,6,19; 1,7,32; 1,8,93; 1,9,117; 1,10,88; 1,11,100; 1,12,87; 1,13,75; 1,14,63; 1,15,67; 1,16,71; 1,17,69; 1,18,62; 1,19,63; 1,20,96; 1,21,164; 1,22,132; 1,23,131; 1,24,212; 1,25,106; 1,26,44; 1,27,33; 1,28,51; 1,29,77; 1,30,75; 1,31,72; 1,32,52; 1,33,118; 1,34,99; 1,35,132; 1,36,132; 1,37,67; 1,38,139; 1,39,148; 1,40,186; 1,41,122;
 2,0,30; 2,1,34; 2,2,0; 2,3,11; 2,4,18; 2,5,57; 2,6,36; 2,7,65; 2,8,62; 2,9,84; 2,10,64; 2,11,89; 2,12,76; 2,13,93; 2,14,95; 2,15,100; 2,16,104; 2,17,98; 2,18,57; 2,19,88; 2,20,99; 2,21,130; 2,22,100; 2,23,101; 2,24,179; 2,25,86; 2,26,51; 2,27,4; 2,28,18; 2,29,43; 2,30,45; 2,31,95; 2,32,45; 2,33,115; 2,34,93; 2,35,152; 2,36,159; 2,37,100; 2,38,112; 2,39,114; 2,40,153; 2,41,94;
 3,0,23; 3,1,23; 3,2,11; 3,3,0; 3,4,11; 3,5,48; 3,6,26; 3,7,54; 3,8,70; 3,9,94; 3,10,69; 3,11,89; 3,12,75; 3,13,84; 3,14,84; 3,15,89; 3,16,92; 3,17,89; 3,18,54; 3,19,78; 3,20,99; 3,21,141; 3,22,111; 3,23,109; 3,24,190; 3,25,89; 3,26,44; 3,27,11; 3,28,29; 3,29,54; 3,30,56; 3,31,89; 3,32,47; 3,33,118; 3,34,96; 3,35,147; 3,36,151; 3,37,90; 3,38,122; 3,39,126; 3,40,163; 3,41,101;
 4,0,32; 4,1,27; 4,2,18; 4,3,11; 4,4,0; 4,5,40; 4,6,20; 4,7,58; 4,8,67; 4,9,92; 4,10,61; 4,11,78; 4,12,65; 4,13,76; 4,14,83; 4,15,89; 4,16,91; 4,17,95; 4,18,43; 4,19,72; 4,20,110; 4,21,141; 4,22,116; 4,23,105; 4,24,190; 4,25,81; 4,26,34; 4,27,19; 4,28,35; 4,29,57; 4,30,63; 4,31,97; 4,32,58; 4,33,129; 4,34,107; 4,35,156; 4,36,158; 4,37,92; 4,38,129; 4,39,127; 4,40,161; 4,41,95;
 5,0,55; 5,1,40; 5,2,57; 5,3,48; 5,4,40; 5,5,0; 5,6,23; 5,7,55; 5,8,96; 5,9,123; 5,10,78; 5,11,75; 5,12,62; 5,13,36; 5,14,56; 5,15,66; 5,16,63; 5,17,95; 5,18,37; 5,19,34; 5,20,137; 5,21,174; 5,22,156; 5,23,129; 5,24,224; 5,25,90; 5,26,15; 5,27,59; 5,28,75; 5,29,96; 5,30,103; 5,31,105; 5,32,91; 5,33,158; 5,34,139; 5,35,164; 5,36,156; 5,37,78; 5,38,169; 5,39,163; 5,40,191; 5,41,115;
 6,0,33; 6,1,19; 6,2,36; 6,3,26; 6,4,20; 6,5,23; 6,6,0; 6,7,45; 6,8,85; 6,9,111; 6,10,75; 6,11,82; 6,12,69; 6,13,60; 6,14,63; 6,15,70; 6,16,71; 6,17,85; 6,18,44; 6,19,52; 6,20,115; 6,21,161; 6,22,136; 6,23,122; 6,24,210; 6,25,91; 6,26,25; 6,27,37; 6,28,54; 6,29,78; 6,30,81; 6,31,90; 6,32,68; 6,33,136; 6,34,116; 6,35,150; 6,36,147; 6,37,76; 6,38,148; 6,39,147; 6,40,180; 6,41,111;
 7,0,37; 7,1,32; 7,2,65; 7,3,54; 7,4,58; 7,5,55; 7,6,45; 7,7,0; 7,8,124; 7,9,149; 7,10,118; 7,11,126; 7,12,113; 7,13,80; 7,14,42; 7,15,42; 7,16,49; 7,17,40; 7,18,87; 7,19,60; 7,20,94; 7,21,195; 7,22,158; 7,23,163; 7,24,242; 7,25,135; 7,26,65; 7,27,63; 7,28,79; 7,29,106; 7,30,101; 7,31,50; 7,32,66; 7,33,118; 7,34,104; 7,35,109; 7,36,103; 7,37,36; 7,38,160; 7,39,178; 7,40,218; 7,41,153;
 8,0,92; 8,1,93; 8,2,62; 8,3,70; 8,4,67; 8,5,96; 8,6,85; 8,7,124; 8,8,0; 8,9,28; 8,10,29; 8,11,68; 8,12,63; 8,13,122; 8,14,148; 8,15,155; 8,16,156; 8,17,159; 8,18,67; 8,19,129; 8,20,148; 8,21,78; 8,22,80; 8,23,39; 8,24,129; 8,25,46; 8,26,82; 8,27,65; 8,28,55; 8,29,40; 8,30,61; 8,31,157; 8,32,97; 8,33,159; 8,34,135; 8,35,212; 8,36,221; 8,37,159; 8,38,110; 8,39,72; 8,40,95; 8,41,35;
 9,0,114; 9,1,117; 9,2,84; 9,3,94; 9,4,92; 9,5,123; 9,6,111; 9,7,149; 9,8,28; 9,9,0; 9,10,54; 9,11,91; 9,12,88; 9,13,150; 9,14,174; 9,15,181; 9,16,182; 9,17,181; 9,18,95; 9,19,157; 9,20,159; 9,21,50; 9,22,65; 9,23,27; 9,24,102; 9,25,65; 9,26,110; 9,27,87; 9,28,73; 9,29,50; 9,30,68; 9,31,176; 9,32,112; 9,33,166; 9,34,142; 9,35,229; 9,36,241; 9,37,184; 9,38,99; 9,39,46; 9,40,69; 9,41,38;
 10,0,92; 10,1,88; 10,2,64; 10,3,69; 10,4,61; 10,5,78; 10,6,75; 10,7,118; 10,8,29; 10,9,54; 10,10,0; 10,11,39; 10,12,34; 10,13,99; 10,14,134; 10,15,142; 10,16,141; 10,17,157; 10,18,44; 10,19,110; 10,20,161; 10,21,103; 10,22,109; 10,23,52; 10,24,154; 10,25,22; 10,26,63; 10,27,68; 10,28,66; 10,29,61; 10,30,81; 10,31,158; 10,32,107; 10,33,175; 10,34,151; 10,35,216; 10,36,219; 10,37,150; 10,38,137; 10,39,100; 10,40,115; 10,41,37;
 11,0,110; 11,1,100; 11,2,89; 11,3,89; 11,4,78; 11,5,75; 11,6,82; 11,7,126; 11,8,68; 11,9,91; 11,10,39; 11,11,0; 11,12,14; 11,13,80; 11,14,129; 11,15,139; 11,16,135; 11,17,167; 11,18,39; 11,19,98; 11,20,187; 11,21,136; 11,22,148; 11,23,81; 11,24,186; 11,25,28; 11,26,61; 11,27,92; 11,28,97; 11,29,98; 11,30,117; 11,31,173; 11,32,134; 11,33,204; 11,34,181; 11,35,232; 11,36,229; 11,37,153; 11,38,176; 11,39,137; 11,40,143; 11,41,62;
 12,0,96; 12,1,87; 12,2,76; 12,3,75; 12,4,65; 12,5,62; 12,6,69; 12,7,113; 12,8,63; 12,9,88; 12,10,34; 12,11,14; 12,12,0; 12,13,72; 12,14,117; 12,15,128; 12,16,124; 12,17,153; 12,18,26; 12,19,88; 12,20,174; 12,21,136; 12,22,142; 12,23,82; 12,24,187; 12,25,32; 12,26,48; 12,27,79; 12,28,85; 12,29,89; 12,30,106; 12,31,159; 12,32,121; 12,33,191; 12,34,168; 12,35,219; 12,36,216; 12,37,140; 12,38,168; 12,39,134; 12,40,145; 12,41,64;
 13,0,90; 13,1,75; 13,2,93; 13,3,84; 13,4,76; 13,5,36; 13,6,60; 13,7,80; 13,8,122; 13,9,150; 13,10,99; 13,11,80; 13,12,72; 13,13,0; 13,14,59; 13,15,71; 13,16,63; 13,17,116; 13,18,56; 13,19,25; 13,20,170; 13,21,201; 13,22,189; 13,23,151; 13,24,252; 13,25,104; 13,26,44; 13,27,95; 13,28,111; 13,29,130; 13,30,138; 13,31,130; 13,32,127; 13,33,192; 13,34,174; 13,35,186; 13,36,172; 13,37,90; 13,38,205; 13,39,193; 13,40,214; 13,41,135;
 14,0,74; 14,1,63; 14,2,95; 14,3,84; 14,4,83; 14,5,56; 14,6,63; 14,7,42; 14,8,148; 14,9,174; 14,10,134; 14,11,129; 14,12,117; 14,13,59; 14,14,0; 14,15,11; 14,16,8; 14,17,63; 14,18,93; 14,19,35; 14,20,135; 14,21,223; 14,22,195; 14,23,184; 14,24,273; 14,25,146; 14,26,71; 14,27,95; 14,28,113; 14,29,138; 14,30,138; 14,31,81; 14,32,107; 14,33,159; 14,34,146; 14,35,132; 14,36,113; 14,37,32; 14,38,200; 14,39,209; 14,40,243; 14,41,171;
 15,0,76; 15,1,67; 15,2,100; 15,3,89; 15,4,89; 15,5,66; 15,6,70; 15,7,42; 15,8,155; 15,9,181; 15,10,142; 15,11,139; 15,12,128; 15,13,71; 15,14,11; 15,15,0; 15,16,11; 15,17,54; 15,18,103; 15,19,46; 15,20,130; 15,21,230; 15,22,198; 15,23,192; 15,24,279; 15,25,155; 15,26,80; 15,27,99; 15,28,117; 15,29,143; 15,30,141; 15,31,74; 15,32,107; 15,33,155; 15,34,143; 15,35,122; 15,36,102; 15,37,22; 15,38,202; 15,39,215; 15,40,250; 15,41,179;
 16,0,82; 16,1,71; 16,2,104; 16,3,92; 16,4,91; 16,5,63; 16,6,71; 16,7,49; 16,8,156; 16,9,182; 16,10,141; 16,11,135; 16,12,124; 16,13,63; 16,14,8; 16,15,11; 16,16,0; 16,17,65; 16,18,100; 16,19,39; 16,20,140; 16,21,232; 16,22,203; 16,23,192; 16,24,281; 16,25,153; 16,26,78; 16,27,103; 16,28,121; 16,29,147; 16,30,146; 16,31,85; 16,32,115; 16,33,164; 16,34,152; 16,35,133; 16,36,112; 16,37,33; 16,38,208; 16,39,218; 16,40,251; 16,41,178;
 17,0,67; 17,1,69; 17,2,98; 17,3,89; 17,4,95; 17,5,95; 17,6,85; 17,7,40; 17,8,159; 17,9,181; 17,10,157; 17,11,167; 17,12,153; 17,13,116; 17,14,63; 17,15,54; 17,16,65; 17,17,0; 17,18,127; 17,19,92; 17,20,83; 17,21,224; 17,22,180; 17,23,199; 17,24,269; 17,25,175; 17,26,106; 17,27,95; 17,28,109; 17,29,135; 17,30,125; 17,31,21; 17,32,80; 17,33,107; 17,34,100; 17,35,71; 17,36,63; 17,37,33; 17,38,173; 17,39,205; 17,40,249; 17,41,191;
 18,0,72; 18,1,62; 18,2,57; 18,3,54; 18,4,43; 18,5,37; 18,6,44; 18,7,87; 18,8,67; 18,9,95; 18,10,44; 18,11,39; 18,12,26; 18,13,56; 18,14,93; 18,15,103; 18,16,100; 18,17,127; 18,18,0; 18,19,67; 18,20,153; 18,21,145; 18,22,139; 18,23,96; 18,24,196; 18,25,53; 18,26,23; 18,27,60; 18,28,70; 18,29,81; 18,30,95; 18,31,134; 18,32,101; 18,33,172; 18,34,149; 18,35,194; 18,36,190; 18,37,115; 18,38,160; 18,39,138; 18,40,159; 18,41,80;
 19,0,78; 19,1,63; 19,2,88; 19,3,78; 19,4,72; 19,5,34; 19,6,52; 19,7,60; 19,8,129; 19,9,157; 19,10,110; 19,11,98; 19,12,88; 19,13,25; 19,14,35; 19,15,46; 19,16,39; 19,17,92; 19,18,67; 19,19,0; 19,20,152; 19,21,207; 19,22,188; 19,23,162; 19,24,258; 19,25,119; 19,26,48; 19,27,89; 19,28,107; 19,29,129; 19,30,134; 19,31,108; 19,32,114; 19,33,176; 19,34,159; 19,35,163; 19,36,147; 19,37,66; 19,38,200; 19,39,197; 19,40,224; 19,41,147;
 20,0,82; 20,1,96; 20,2,99; 20,3,99; 20,4,110; 20,5,137; 20,6,115; 20,7,94; 20,8,148; 20,9,159; 20,10,161; 20,11,187; 20,12,174; 20,13,170; 20,14,135; 20,15,130; 20,16,140; 20,17,83; 20,18,153; 20,19,152; 20,20,0; 20,21,188; 20,22,128; 20,23,184; 20,24,222; 20,25,183; 20,26,139; 20,27,95; 20,28,95; 20,29,110; 20,30,91; 20,31,62; 20,32,54; 20,33,24; 20,34,23; 20,35,81; 20,36,110; 20,37,113; 20,38,108; 20,39,164; 20,40,217; 20,41,184;
 21,0,159; 21,1,164; 21,2,130; 21,3,141; 21,4,141; 21,5,174; 21,6,161; 21,7,195; 21,8,78; 21,9,50; 21,10,103; 21,11,136; 21,12,136; 21,13,201; 21,14,223; 21,15,230; 21,16,232; 21,17,224; 21,18,145; 21,19,207; 21,20,188; 21,21,0; 21,22,65; 21,23,57; 21,24,51; 21,25,109; 21,26,160; 21,27,132; 21,28,116; 21,29,90; 21,30,102; 21,31,217; 21,32,148; 21,33,188; 21,34,168; 21,35,264; 21,36,281; 21,37,231; 21,38,100; 21,39,26; 21,40,30; 21,41,75;
 22,0,122; 22,1,132; 22,2,100; 22,3,111; 22,4,116; 22,5,156; 22,6,136; 22,7,158; 22,8,80; 22,9,65; 22,10,109; 22,11,148; 22,12,142; 22,13,189; 22,14,195; 22,15,198; 22,16,203; 22,17,180; 22,18,139; 22,19,188; 22,20,128; 22,21,65; 22,22,0; 22,23,91; 22,24,94; 22,25,126; 22,26,145; 22,27,100; 22,28,82; 22,29,60; 22,30,57; 22,31,167; 22,32,99; 22,33,126; 22,34,106; 22,35,208; 22,36,230; 22,37,194; 22,38,36; 22,39,39; 22,40,94; 22,41,103;
 23,0,131; 23,1,131; 23,2,101; 23,3,109; 23,4,105; 23,5,129; 23,6,122; 23,7,163; 23,8,39; 23,9,27; 23,10,52; 23,11,81; 23,12,82; 23,13,151; 23,14,184; 23,15,192; 23,16,192; 23,17,199; 23,18,96; 23,19,162; 23,20,184; 23,21,57; 23,22,91; 23,23,0; 23,24,106; 23,25,53; 23,26,115; 23,27,104; 23,28,94; 23,29,74; 23,30,94; 23,31,196; 23,32,134; 23,33,192; 23,34,168; 23,35,251; 23,36,260; 23,37,197; 23,38,126; 23,39,64; 23,40,64; 23,41,19;
 24,0,206; 24,1,212; 24,2,179; 24,3,190; 24,4,190; 24,5,224; 24,6,210; 24,7,242; 24,8,129; 24,9,102; 24,10,154; 24,11,186; 24,12,187; 24,13,252; 24,14,273; 24,15,279; 24,16,281; 24,17,269; 24,18,196; 24,19,258; 24,20,222; 24,21,51; 24,22,94; 24,23,106; 24,24,0; 24,25,158; 24,26,211; 24,27,180; 24,28,163; 24,29,136; 24,30,145; 24,31,259; 24,32,190; 24,33,218; 24,34,200; 24,35,302; 24,36,323; 24,37,278; 24,38,120; 24,39,65; 24,40,49; 24,41,124;
 25,0,112; 25,1,106; 25,2,86; 25,3,89; 25,4,81; 25,5,90; 25,6,91; 25,7,135; 25,8,46; 25,9,65; 25,10,22; 25,11,28; 25,12,32; 25,13,104; 25,14,146; 25,15,155; 25,16,153; 25,17,175; 25,18,53; 25,19,119; 25,20,183; 25,21,109; 25,22,126; 25,23,53; 25,24,158; 25,25,0; 25,26,75; 25,27,89; 25,28,88; 25,29,83; 25,30,103; 25,31,178; 25,32,129; 25,33,197; 25,34,173; 25,35,236; 25,36,238; 25,37,166; 25,38,156; 25,39,111; 25,40,115; 25,41,34;
 26,0,57; 26,1,44; 26,2,51; 26,3,44; 26,4,34; 26,5,15; 26,6,25; 26,7,65; 26,8,82; 26,9,110; 26,10,63; 26,11,61; 26,12,48; 26,13,44; 26,14,71; 26,15,80; 26,16,78; 26,17,106; 26,18,23; 26,19,48; 26,20,139; 26,21,160; 26,22,145; 26,23,115; 26,24,211; 26,25,75; 26,26,0; 26,27,53; 26,28,68; 26,29,86; 26,30,95; 26,31,114; 26,32,90; 26,33,160; 26,34,139; 26,35,173; 26,36,168; 26,37,92; 26,38,162; 26,39,150; 26,40,176; 26,41,101;
 27,0,28; 27,1,33; 27,2,4; 27,3,11; 27,4,19; 27,5,59; 27,6,37; 27,7,63; 27,8,65; 27,9,87; 27,10,68; 27,11,92; 27,12,79; 27,13,95; 27,14,95; 27,15,99; 27,16,103; 27,17,95; 27,18,60; 27,19,89; 27,20,95; 27,21,132; 27,22,100; 27,23,104; 27,24,180; 27,25,89; 27,26,53; 27,27,0; 27,28,18; 27,29,44; 27,30,45; 27,31,92; 27,32,42; 27,33,112; 27,34,89; 27,35,149; 27,36,156; 27,37,99; 27,38,111; 27,39,116; 27,40,155; 27,41,97;
 28,0,43; 28,1,51; 28,2,18; 28,3,29; 28,4,35; 28,5,75; 28,6,54; 28,7,79; 28,8,55; 28,9,73; 28,10,66; 28,11,97; 28,12,85; 28,13,111; 28,14,113; 28,15,117; 28,16,121; 28,17,109; 28,18,70; 28,19,107; 28,20,95; 28,21,116; 28,22,82; 28,23,94; 28,24,163; 28,25,88; 28,26,68; 28,27,18; 28,28,0; 28,29,27; 28,30,27; 28,31,103; 28,32,42; 28,33,109; 28,34,85; 28,35,157; 28,36,168; 28,37,115; 28,38,94; 28,39,98; 28,40,140; 28,41,90;
 29,0,70; 29,1,77; 29,2,43; 29,3,54; 29,4,57; 29,5,96; 29,6,78; 29,7,106; 29,8,40; 29,9,50; 29,10,61; 29,11,98; 29,12,89; 29,13,130; 29,14,138; 29,15,143; 29,16,147; 29,17,135; 29,18,81; 29,19,129; 29,20,110; 29,21,90; 29,22,60; 29,23,74; 29,24,136; 29,25,83; 29,26,86; 29,27,44; 29,28,27; 29,29,0; 29,30,21; 29,31,128; 29,32,62; 29,33,119; 29,34,96; 29,35,179; 29,36,192; 29,37,142; 29,38,79; 29,39,72; 29,40,115; 29,41,74;
 30,0,65; 30,1,75; 30,2,45; 30,3,56; 30,4,63; 30,5,103; 30,6,81; 30,7,101; 30,8,61; 30,9,68; 30,10,81; 30,11,117; 30,12,106; 30,13,138; 30,14,138; 30,15,141; 30,16,146; 30,17,125; 30,18,95; 30,19,134; 30,20,91; 30,21,102; 30,22,57; 30,23,94; 30,24,145; 30,25,103; 30,26,95; 30,27,45; 30,28,27; 30,29,21; 30,30,0; 30,31,115; 30,32,46; 30,33,98; 30,34,75; 30,35,163; 30,36,179; 30,37,136; 30,38,67; 30,39,81; 30,40,129; 30,41,95;
 31,0,66; 31,1,72; 31,2,95; 31,3,89; 31,4,97; 31,5,105; 31,6,90; 31,7,50; 31,8,157; 31,9,176; 31,10,158; 31,11,173; 31,12,159; 31,13,130; 31,14,81; 31,15,74; 31,16,85; 31,17,21; 31,18,134; 31,19,108; 31,20,62; 31,21,217; 31,22,167; 31,23,196; 31,24,259; 31,25,178; 31,26,114; 31,27,92; 31,28,103; 31,29,128; 31,30,115; 31,31,0; 31,32,69; 31,33,86; 31,34,81; 31,35,60; 31,36,65; 31,37,54; 31,38,158; 31,39,195; 31,40,243; 31,41,190;
 32,0,37; 32,1,52; 32,2,45; 32,3,47; 32,4,58; 32,5,91; 32,6,68; 32,7,66; 32,8,97; 32,9,112; 32,10,107; 32,11,134; 32,12,121; 32,13,127; 32,14,107; 32,15,107; 32,16,115; 32,17,80; 32,18,101; 32,19,114; 32,20,54; 32,21,148; 32,22,99; 32,23,134; 32,24,190; 32,25,129; 32,26,90; 32,27,42; 32,28,42; 32,29,62; 32,30,46; 32,31,69; 32,32,0; 32,33,71; 32,34,49; 32,35,117; 32,36,133; 32,37,98; 32,38,95; 32,39,127; 32,40,175; 32,41,132;
 33,0,103; 33,1,118; 33,2,115; 33,3,118; 33,4,129; 33,5,158; 33,6,136; 33,7,118; 33,8,159; 33,9,166; 33,10,175; 33,11,204; 33,12,191; 33,13,192; 33,14,159; 33,15,155; 33,16,164; 33,17,107; 33,18,172; 33,19,176; 33,20,24; 33,21,188; 33,22,126; 33,23,192; 33,24,218; 33,25,197; 33,26,160; 33,27,112; 33,28,109; 33,29,119; 33,30,98; 33,31,86; 33,32,71; 33,33,0; 33,34,24; 33,35,94; 33,36,127; 33,37,137; 33,38,100; 33,39,163; 33,40,218; 33,41,194;
 34,0,84; 34,1,99; 34,2,93; 34,3,96; 34,4,107; 34,5,139; 34,6,116; 34,7,104; 34,8,135; 34,9,142; 34,10,151; 34,11,181; 34,12,168; 34,13,174; 34,14,146; 34,15,143; 34,16,152; 34,17,100; 34,18,149; 34,19,159; 34,20,23; 34,21,168; 34,22,106; 34,23,168; 34,24,200; 34,25,173; 34,26,139; 34,27,89; 34,28,85; 34,29,96; 34,30,75; 34,31,81; 34,32,49; 34,33,24; 34,34,0; 34,35,104; 34,36,133; 34,37,127; 34,38,85; 34,39,143; 34,40,197; 34,41,170;
 35,0,125; 35,1,132; 35,2,152; 35,3,147; 35,4,156; 35,5,164; 35,6,150; 35,7,109; 35,8,212; 35,9,229; 35,10,216; 35,11,232; 35,12,219; 35,13,186; 35,14,132; 35,15,122; 35,16,133; 35,17,71; 35,18,194; 35,19,163; 35,20,81; 35,21,264; 35,22,208; 35,23,251; 35,24,302; 35,25,236; 35,26,173; 35,27,149; 35,28,157; 35,29,179; 35,30,163; 35,31,60; 35,32,117; 35,33,94; 35,34,104; 35,35,0; 35,36,39; 35,37,100; 35,38,190; 35,39,241; 35,40,292; 35,41,246;
 36,0,129; 36,1,132; 36,2,159; 36,3,151; 36,4,158; 36,5,156; 36,6,147; 36,7,103; 36,8,221; 36,9,241; 36,10,219; 36,11,229; 36,12,216; 36,13,172; 36,14,113; 36,15,102; 36,16,112; 36,17,63; 36,18,190; 36,19,147; 36,20,110; 36,21,281; 36,22,230; 36,23,260; 36,24,323; 36,25,238; 36,26,168; 36,27,156; 36,28,168; 36,29,192; 36,30,179; 36,31,65; 36,32,133; 36,33,127; 36,34,133; 36,35,39; 36,36,0; 36,37,81; 36,38,216; 36,39,259; 36,40,307; 36,41,253;
 37,0,72; 37,1,67; 37,2,100; 37,3,90; 37,4,92; 37,5,78; 37,6,76; 37,7,36; 37,8,159; 37,9,184; 37,10,150; 37,11,153; 37,12,140; 37,13,90; 37,14,32; 37,15,22; 37,16,33; 37,17,33; 37,18,115; 37,19,66; 37,20,113; 37,21,231; 37,22,194; 37,23,197; 37,24,278; 37,25,166; 37,26,92; 37,27,99; 37,28,115; 37,29,142; 37,30,136; 37,31,54; 37,32,98; 37,33,137; 37,34,127; 37,35,100; 37,36,81; 37,37,0; 37,38,193; 37,39,214; 37,40,253; 37,41,187;
 38,0,126; 38,1,139; 38,2,112; 38,3,122; 38,4,129; 38,5,169; 38,6,148; 38,7,160; 38,8,110; 38,9,99; 38,10,137; 38,11,176; 38,12,168; 38,13,205; 38,14,200; 38,15,202; 38,16,208; 38,17,173; 38,18,160; 38,19,200; 38,20,108; 38,21,100; 38,22,36; 38,23,126; 38,24,120; 38,25,156; 38,26,162; 38,27,111; 38,28,94; 38,29,79; 38,30,67; 38,31,158; 38,32,95; 38,33,100; 38,34,85; 38,35,190; 38,36,216; 38,37,193; 38,38,0; 38,39,74; 38,40,129; 38,41,137;
 39,0,141; 39,1,148; 39,2,114; 39,3,126; 39,4,127; 39,5,163; 39,6,147; 39,7,178; 39,8,72; 39,9,46; 39,10,100; 39,11,137; 39,12,134; 39,13,193; 39,14,209; 39,15,215; 39,16,218; 39,17,205; 39,18,138; 39,19,197; 39,20,164; 39,21,26; 39,22,39; 39,23,64; 39,24,65; 39,25,111; 39,26,150; 39,27,116; 39,28,98; 39,29,72; 39,30,81; 39,31,195; 39,32,127; 39,33,163; 39,34,143; 39,35,241; 39,36,259; 39,37,214; 39,38,74; 39,39,0; 39,40,55; 39,41,80;
 40,0,183; 40,1,186; 40,2,153; 40,3,163; 40,4,161; 40,5,191; 40,6,180; 40,7,218; 40,8,95; 40,9,69; 40,10,115; 40,11,143; 40,12,145; 40,13,214; 40,14,243; 40,15,250; 40,16,251; 40,17,249; 40,18,159; 40,19,224; 40,20,217; 40,21,30; 40,22,94; 40,23,64; 40,24,49; 40,25,115; 40,26,176; 40,27,155; 40,28,140; 40,29,115; 40,30,129; 40,31,243; 40,32,175; 40,33,218; 40,34,197; 40,35,292; 40,36,307; 40,37,253; 40,38,129; 40,39,55; 40,40,0; 40,41,81;
 41,0,124; 41,1,122; 41,2,94; 41,3,101; 41,4,95; 41,5,115; 41,6,111; 41,7,153; 41,8,35; 41,9,38; 41,10,37; 41,11,62; 41,12,64; 41,13,135; 41,14,171; 41,15,179; 41,16,178; 41,17,191; 41,18,80; 41,19,147; 41,20,184; 41,21,75; 41,22,103; 41,23,19; 41,24,124; 41,25,34; 41,26,101; 41,27,97; 41,28,90; 41,29,74; 41,30,95; 41,31,190; 41,32,132; 41,33,194; 41,34,170; 41,35,246; 41,36,253; 41,37,187; 41,38,137; 41,39,80; 41,40,81; 41,41,0;
}
}