structure S:V{
Distance={
 0,0,1; 0,1,509; 0,2,501; 0,3,312; 0,4,1019; 0,5,736; 0,6,656; 0,7,60; 0,8,1039; 0,9,726; 0,10,2314; 0,11,479; 0,12,448; 0,13,479; 0,14,619; 0,15,150; 0,16,342; 0,17,323; 0,18,635; 0,19,604; 0,20,596; 0,21,202;
 1,0,509; 1,1,1; 1,2,126; 1,3,474; 1,4,1526; 1,5,1226; 1,6,1133; 1,7,532; 1,8,1449; 1,9,1122; 1,10,2789; 1,11,958; 1,12,941; 1,13,978; 1,14,1127; 1,15,542; 1,16,246; 1,17,510; 1,18,1047; 1,19,1021; 1,20,1010; 1,21,364;
 2,0,501; 2,1,126; 2,2,1; 2,3,541; 2,4,1516; 2,5,1184; 2,6,1084; 2,7,536; 2,8,1371; 2,9,1045; 2,10,2728; 2,11,913; 2,12,904; 2,13,946; 2,14,1115; 2,15,499; 2,16,321; 2,17,577; 2,18,976; 2,19,952; 2,20,941; 2,21,401;
 3,0,312; 3,1,474; 3,2,541; 3,3,1; 3,4,1157; 3,5,980; 3,6,919; 3,7,271; 3,8,1333; 3,9,1029; 3,10,2553; 3,11,751; 3,12,704; 3,13,720; 3,14,783; 3,15,455; 3,16,228; 3,17,37; 3,18,936; 3,19,904; 3,20,898; 3,21,171;
 4,0,1019; 4,1,1526; 4,2,1516; 4,3,1157; 4,4,1; 4,5,478; 4,6,583; 4,7,996; 4,8,858; 4,9,855; 4,10,1504; 4,11,677; 4,12,651; 4,13,600; 4,14,401; 4,15,1033; 4,16,1325; 4,17,1134; 4,18,818; 4,19,808; 4,20,820; 4,21,1179;
 5,0,736; 5,1,1226; 5,2,1184; 5,3,980; 5,4,478; 5,5,1; 5,6,115; 5,7,740; 5,8,470; 5,9,379; 5,10,1581; 5,11,271; 5,12,289; 5,13,261; 5,14,308; 5,15,687; 5,16,1077; 5,17,970; 5,18,342; 5,19,336; 5,20,348; 5,21,932;
 6,0,656; 6,1,1133; 6,2,1084; 6,3,919; 6,4,583; 6,5,115; 6,6,1; 6,7,667; 6,8,455; 6,9,288; 6,10,1661; 6,11,177; 6,12,216; 6,13,207; 6,14,343; 6,15,592; 6,16,997; 6,17,913; 6,18,236; 6,19,226; 6,20,237; 6,21,856;
 7,0,60; 7,1,532; 7,2,536; 7,3,271; 7,4,996; 7,5,740; 7,6,667; 7,7,1; 7,8,1066; 7,9,759; 7,10,2320; 7,11,493; 7,12,454; 7,13,479; 7,14,598; 7,15,206; 7,16,341; 7,17,278; 7,18,666; 7,19,634; 7,20,628; 7,21,194;
 8,0,1039; 8,1,1449; 8,2,1371; 8,3,1333; 8,4,858; 8,5,470; 8,6,455; 8,7,1066; 8,8,1; 8,9,328; 8,10,1387; 8,11,591; 8,12,650; 8,13,656; 8,14,776; 8,15,933; 8,16,1367; 8,17,1333; 8,18,408; 8,19,438; 8,20,447; 8,21,1239;
 9,0,726; 9,1,1122; 9,2,1045; 9,3,1029; 9,4,855; 9,5,379; 9,6,288; 9,7,759; 9,8,328; 9,9,1; 9,10,1697; 9,11,333; 9,12,400; 9,13,427; 9,14,622; 9,15,610; 9,16,1046; 9,17,1033; 9,18,96; 9,19,128; 9,20,133; 9,21,922;
 10,0,2314; 10,1,2789; 10,2,2728; 10,3,2553; 10,4,1504; 10,5,1581; 10,6,1661; 10,7,2320; 10,8,1387; 10,9,1697; 10,10,1; 10,11,1838; 10,12,1868; 10,13,1841; 10,14,1789; 10,15,2248; 10,16,2656; 10,17,2540; 10,18,1755; 10,19,1777; 10,20,1789; 10,21,2512;
 11,0,479; 11,1,958; 11,2,913; 11,3,751; 11,4,677; 11,5,271; 11,6,177; 11,7,493; 11,8,591; 11,9,333; 11,10,1838; 11,11,1; 11,12,68; 11,13,105; 11,14,336; 11,15,417; 11,16,821; 11,17,748; 11,18,243; 11,19,214; 11,20,217; 11,21,680;
 12,0,448; 12,1,941; 12,2,904; 12,3,704; 12,4,651; 12,5,289; 12,6,216; 12,7,454; 12,8,650; 12,9,400; 12,10,1868; 12,11,68; 12,12,1; 12,13,52; 12,14,287; 12,15,406; 12,16,789; 12,17,698; 12,18,311; 12,19,281; 12,20,283; 12,21,645;
 13,0,479; 13,1,978; 13,2,946; 13,3,720; 13,4,600; 13,5,261; 13,6,207; 13,7,479; 13,8,656; 13,9,427; 13,10,1841; 13,11,105; 13,12,52; 13,13,1; 13,14,237; 13,15,449; 13,16,818; 13,17,712; 13,18,341; 13,19,314; 13,20,318; 13,21,672;
 14,0,619; 14,1,1127; 14,2,1115; 14,3,783; 14,4,401; 14,5,308; 14,6,343; 14,7,598; 14,8,776; 14,9,622; 14,10,1789; 14,11,336; 14,12,287; 14,13,237; 14,14,1; 14,15,636; 14,16,932; 14,17,764; 14,18,550; 14,19,528; 14,20,535; 14,21,785;
 15,0,150; 15,1,542; 15,2,499; 15,3,455; 15,4,1033; 15,5,687; 15,6,592; 15,7,206; 15,8,933; 15,9,610; 15,10,2248; 15,11,417; 15,12,406; 15,13,449; 15,14,636; 15,15,1; 15,16,436; 15,17,470; 15,18,525; 15,19,496; 15,20,486; 15,21,319;
 16,0,342; 16,1,246; 16,2,321; 16,3,228; 16,4,1325; 16,5,1077; 16,6,997; 16,7,341; 16,8,1367; 16,9,1046; 16,10,2656; 16,11,821; 16,12,789; 16,13,818; 16,14,932; 16,15,436; 16,16,1; 16,17,265; 16,18,959; 16,19,930; 16,20,921; 16,21,148;
 17,0,323; 17,1,510; 17,2,577; 17,3,37; 17,4,1134; 17,5,970; 17,6,913; 17,7,278; 17,8,1333; 17,9,1033; 17,10,2540; 17,11,748; 17,12,698; 17,13,712; 17,14,764; 17,15,470; 17,16,265; 17,17,1; 17,18,939; 17,19,907; 17,20,901; 17,21,201;
 18,0,635; 18,1,1047; 18,2,976; 18,3,936; 18,4,818; 18,5,342; 18,6,236; 18,7,666; 18,8,408; 18,9,96; 18,10,1755; 18,11,243; 18,12,311; 18,13,341; 18,14,550; 18,15,525; 18,16,959; 18,17,939; 18,18,1; 18,19,33; 18,20,39; 18,21,833;
 19,0,604; 19,1,1021; 19,2,952; 19,3,904; 19,4,808; 19,5,336; 19,6,226; 19,7,634; 19,8,438; 19,9,128; 19,10,1777; 19,11,214; 19,12,281; 19,13,314; 19,14,528; 19,15,496; 19,16,930; 19,17,907; 19,18,33; 19,19,1; 19,20,14; 19,21,803;
 20,0,596; 20,1,1010; 20,2,941; 20,3,898; 20,4,820; 20,5,348; 20,6,237; 20,7,628; 20,8,447; 20,9,133; 20,10,1789; 20,11,217; 20,12,283; 20,13,318; 20,14,535; 20,15,486; 20,16,921; 20,17,901; 20,18,39; 20,19,14; 20,20,1; 20,21,794;
 21,0,202; 21,1,364; 21,2,401; 21,3,171; 21,4,1179; 21,5,932; 21,6,856; 21,7,194; 21,8,1239; 21,9,922; 21,10,2512; 21,11,680; 21,12,645; 21,13,672; 21,14,785; 21,15,319; 21,16,148; 21,17,201; 21,18,833; 21,19,803; 21,20,794; 21,21,1;
}
}