structure S:V{
Distance={
 0,0,1; 0,1,509; 0,2,501; 0,3,312; 0,4,1019; 0,5,736; 0,6,656; 0,7,60; 0,8,1039; 0,9,726; 0,10,2314; 0,11,479; 0,12,448; 0,13,479; 0,14,619; 0,15,150;
 1,0,509; 1,1,1; 1,2,126; 1,3,474; 1,4,1526; 1,5,1226; 1,6,1133; 1,7,532; 1,8,1449; 1,9,1122; 1,10,2789; 1,11,958; 1,12,941; 1,13,978; 1,14,1127; 1,15,542;
 2,0,501; 2,1,126; 2,2,1; 2,3,541; 2,4,1516; 2,5,1184; 2,6,1084; 2,7,536; 2,8,1371; 2,9,1045; 2,10,2728; 2,11,913; 2,12,904; 2,13,946; 2,14,1115; 2,15,499;
 3,0,312; 3,1,474; 3,2,541; 3,3,1; 3,4,1157; 3,5,980; 3,6,919; 3,7,271; 3,8,1333; 3,9,1029; 3,10,2553; 3,11,751; 3,12,704; 3,13,720; 3,14,783; 3,15,455;
 4,0,1019; 4,1,1526; 4,2,1516; 4,3,1157; 4,4,1; 4,5,478; 4,6,583; 4,7,996; 4,8,858; 4,9,855; 4,10,1504; 4,11,677; 4,12,651; 4,13,600; 4,14,401; 4,15,1033;
 5,0,736; 5,1,1226; 5,2,1184; 5,3,980; 5,4,478; 5,5,1; 5,6,115; 5,7,740; 5,8,470; 5,9,379; 5,10,1581; 5,11,271; 5,12,289; 5,13,261; 5,14,308; 5,15,687;
 6,0,656; 6,1,1133; 6,2,1084; 6,3,919; 6,4,583; 6,5,115; 6,6,1; 6,7,667; 6,8,455; 6,9,288; 6,10,1661; 6,11,177; 6,12,216; 6,13,207; 6,14,343; 6,15,592;
 7,0,60; 7,1,532; 7,2,536; 7,3,271; 7,4,996; 7,5,740; 7,6,667; 7,7,1; 7,8,1066; 7,9,759; 7,10,2320; 7,11,493; 7,12,454; 7,13,479; 7,14,598; 7,15,206;
 8,0,1039; 8,1,1449; 8,2,1371; 8,3,1333; 8,4,858; 8,5,470; 8,6,455; 8,7,1066; 8,8,1; 8,9,328; 8,10,1387; 8,11,591; 8,12,650; 8,13,656; 8,14,776; 8,15,933;
 9,0,726; 9,1,1122; 9,2,1045; 9,3,1029; 9,4,855; 9,5,379; 9,6,288; 9,7,759; 9,8,328; 9,9,1; 9,10,1697; 9,11,333; 9,12,400; 9,13,427; 9,14,622; 9,15,610;
 10,0,2314; 10,1,2789; 10,2,2728; 10,3,2553; 10,4,1504; 10,5,1581; 10,6,1661; 10,7,2320; 10,8,1387; 10,9,1697; 10,10,1; 10,11,1838; 10,12,1868; 10,13,1841; 10,14,1789; 10,15,2248;
 11,0,479; 11,1,958; 11,2,913; 11,3,751; 11,4,677; 11,5,271; 11,6,177; 11,7,493; 11,8,591; 11,9,333; 11,10,1838; 11,11,1; 11,12,68; 11,13,105; 11,14,336; 11,15,417;
 12,0,448; 12,1,941; 12,2,904; 12,3,704; 12,4,651; 12,5,289; 12,6,216; 12,7,454; 12,8,650; 12,9,400; 12,10,1868; 12,11,68; 12,12,1; 12,13,52; 12,14,287; 12,15,406;
 13,0,479; 13,1,978; 13,2,946; 13,3,720; 13,4,600; 13,5,261; 13,6,207; 13,7,479; 13,8,656; 13,9,427; 13,10,1841; 13,11,105; 13,12,52; 13,13,1; 13,14,237; 13,15,449;
 14,0,619; 14,1,1127; 14,2,1115; 14,3,783; 14,4,401; 14,5,308; 14,6,343; 14,7,598; 14,8,776; 14,9,622; 14,10,1789; 14,11,336; 14,12,287; 14,13,237; 14,14,1; 14,15,636;
 15,0,150; 15,1,542; 15,2,499; 15,3,455; 15,4,1033; 15,5,687; 15,6,592; 15,7,206; 15,8,933; 15,9,610; 15,10,2248; 15,11,417; 15,12,406; 15,13,449; 15,14,636; 15,15,1;
}
}